0 -0.00026942049893 -0.0011070210091
0.01 -0.00026942049893 -0.0011070210091
0.02 -0.00107640917445 -0.00442404818985
0.03 -0.00241715342503333 -0.00993899449566667
0.04 -0.00428531842075 -0.0176317830275
0.05 -0.0066720762398 -0.027474448834
0.06 -0.00956614641666667 -0.0394312805033333
0.07 -0.012953847659 -0.0534590006228571
0.08 -0.0168191604275 -0.06950698393125
0.09 -0.0211438000077778 -0.0875175117611111
0.1 -0.025907299637 -0.1074260611
0.11 -0.0310871032027273 -0.129161626409091
0.12 -0.0366586669641667 -0.152647072175
0.13 -0.0425955696992308 -0.177799513792308
0.14 -0.0488696306378571 -0.20453072455
0.15 -0.0554510344973333 -0.232747565866667
0.16 -0.062308462898125 -0.26235243830625
0.17 -0.0694092314058823 -0.293243750305882
0.18 -0.0767194314388889 -0.325316401777778
0.19 -0.084204076168421 -0.358462279568421
0.2 -0.09182724974 -0.392570761635
0.21 -0.0995522588238095 -0.4275292269
0.22 -0.107341785772727 -0.463223567636364
0.23 -0.115158042521739 -0.49953870126087
0.24 -0.122962924420833 -0.536359078541667
0.25 -0.130718163172 -0.5735691852
0.26 -0.138385478115385 -0.611054033807692
0.27 -0.145926725037037 -0.648699643592593
0.28 -0.15330404185 -0.68639350475
0.29 -0.160479990337931 -0.72402502562069
0.3 -0.167417693403333 -0.761485959333333
0.31 -0.174080967087097 -0.798670808354839
0.32 -0.180434446875 -0.8354772048125
0.33 -0.186443707687879 -0.871806264484849
0.34 -0.192075377141176 -0.907562912911765
0.35 -0.197297241577143 -0.942656182314286
0.36 -0.202078344580556 -0.97699947825
0.37 -0.206389077616216 -1.01051081454054
0.38 -0.210201262557895 -1.04311301644737
0.39 -0.213488225935897 -1.07473389105128
0.4 -0.21622486473 -1.10530636505
0.41 -0.21838770372439 -1.1347685895122
0.42 -0.21995494432381 -1.1630640125
0.43 -0.220906504946512 -1.19014141937209
0.44 -0.221224053102273 -1.21595494190909
0.45 -0.220891029277778 -1.24046403708889
0.46 -0.219892662869565 -1.26363343669565
0.47 -0.218215980510638 -1.28543306891489
0.48 -0.215849806875 -1.305837953625
0.49 -0.212784758632653 -1.32482807310204
0.5 -0.2090132317 -1.34238821978
0.51 -0.204529382254902 -1.35850782321569
0.52 -0.199329102173077 -1.37318075809615
0.53 -0.193409989075472 -1.38640513596226
0.54 -0.186771311648148 -1.39818308225926
0.55 -0.179413970783636 -1.40852050150909
0.56 -0.171340457071429 -1.41742683276786
0.57 -0.162554805005263 -1.42491479778947
0.58 -0.153062544684483 -1.43100014410345
0.59 -0.142870651372881 -1.43570138554237
0.6 -0.131987493523333 -1.43903954246667
0.61 -0.120422779737705 -1.44103788370492
0.62 -0.108187505158065 -1.44172167262903
0.63 -0.0952938977873016 -1.4411179192381
0.64 -0.0817553651359375 -1.43925514015625
0.65 -0.0675864416338462 -1.43616312843077
0.66 -0.0528027371893939 -1.43187273469697
0.67 -0.0374208872 -1.42641566125373
0.68 -0.0214585043573529 -1.41982427017647
0.69 -0.0049341324673913 -1.41213140688406
0.7 0.0121327974777143 -1.40337023987143
0.71 0.0297220088225352 -1.39357411735211
0.72 0.0478124182416667 -1.38277644152778
0.73 0.0663821721246575 -1.37101056068493
0.74 0.0854086803364865 -1.35830967918919
0.75 0.104868647365333 -1.34470678533333
0.76 0.124738100934211 -1.33023459763158
0.77 0.144992418168831 -1.31492552688312
0.78 0.165606349512821 -1.29881165602564
0.79 0.186554040531646 -1.28192473531646
0.8 0.2078090518625 -1.264296192375
0.81 0.229344377666667 -1.24595715530864
0.82 0.251132462646341 -1.22693848926829
0.83 0.273145218240964 -1.20727084301205
0.84 0.295354038190476 -1.18698470495238
0.85 0.317729813788235 -1.16611046757647
0.86 0.340242949418605 -1.1446784972093
0.87 0.362863378528736 -1.12271920866667
0.88 0.385560580602273 -1.10026314211364
0.89 0.408303599516854 -1.07734104074157
0.9 0.431061063644444 -1.05398392734444
0.91 0.453801208065934 -1.03022317794506
0.92 0.476491899358696 -1.00609059069565
0.93 0.499100663301075 -0.981618448526882
0.94 0.521594715680851 -0.95683957362766
0.95 0.543940996821053 -0.931787372452632
0.96 0.566106209760417 -0.906495869770833
0.97 0.58805686256701 -0.880999730371134
0.98 0.609759314897959 -0.855334267408163
0.99 0.631179828959596 -0.829535436272727
1 0.65228462504 -0.80363981322
1.01 0.673039941574257 -0.777684558128713
1.02 0.693412099852941 -0.751707360833333
1.03 0.713367573359223 -0.725746370902913
1.04 0.732873061471154 -0.699840110663462
1.05 0.751895567628571 -0.674027371704762
1.06 0.770402481537736 -0.648347095169811
1.07 0.788361665345794 -0.622838236448598
1.08 0.805741543351852 -0.597539614861111
1.09 0.822511194972477 -0.572489749568807
1.1 0.838640450481818 -0.547726682545455
1.11 0.85409998918018 -0.523287790171171
1.12 0.868861439410714 -0.499209584892857
1.13 0.882897479849558 -0.475527508522124
1.14 0.896181941666667 -0.452275719087719
1.15 0.908689910608696 -0.429486873208696
1.16 0.92039782887931 -0.407191905922414
1.17 0.931283595555556 -0.385419810213675
1.18 0.941326665508475 -0.364197418449153
1.19 0.950508145378151 -0.34354918805042
1.2 0.958810886416667 -0.323496993616667
1.21 0.966219573636364 -0.304059927966942
1.22 0.972720810081967 -0.285254114270492
1.23 0.978303195772358 -0.267092531772358
1.24 0.982957400483871 -0.249584857080645
1.25 0.98667623024 -0.232737323416
1.26 0.989454686031746 -0.216552599746032
1.27 0.99129001503937 -0.201029691724409
1.28 0.992181753046875 -0.186163866367187
1.29 0.992131758139535 -0.171946601891473
1.3 0.991144234923077 -0.158365564353846
1.31 0.989225749007634 -0.145404612198473
1.32 0.986385230757576 -0.13304382980303
1.33 0.982633969473684 -0.121259590789474
1.34 0.977985596343284 -0.110024651731343
1.35 0.972456056296296 -0.0993082764222222
1.36 0.966063569779412 -0.0890763908970588
1.37 0.958828582773723 -0.0792917688175182
1.38 0.950773706376812 -0.0699142469043478
1.39 0.941923645611511 -0.0609009694136691
1.4 0.932305117857143 -0.0522066608321429
1.41 0.921946760638298 -0.0437839252879433
1.42 0.910879030140845 -0.0355835711809859
1.43 0.89913409 -0.0275549591524476
1.44 0.886745691180556 -0.01964637129375
1.45 0.873749043517241 -0.0118053992627586
1.46 0.860180680068493 -0.00397934874650685
1.47 0.846078313537415 0.00388434249367347
1.48 0.831480687432433 0.0118376759506757
1.49 0.816427421073825 0.019931656185906
1.5 0.800958850466667 0.0282158504033333
1.51 0.785115865033113 0.0367379471582781
1.52 0.768939742302632 0.0455433176921053
1.53 0.752471979673203 0.0546745834339869
1.54 0.735754126298701 0.0641711932785714
1.55 0.718827614645161 0.0740690142322581
1.56 0.70173359275641 0.0843999390192308
1.57 0.68451275955414 0.0951915142611465
1.58 0.667205202151899 0.106466592556962
1.59 0.649850237672956 0.118243012056604
1.6 0.6324862600625 0.130533306575
1.61 0.61515059236646 0.143344449440994
1.62 0.597879346074074 0.156677634006173
1.63 0.580707287779141 0.170528093380368
1.64 0.563667714158537 0.184884961981707
1.65 0.546792336042424 0.199731180993939
1.66 0.530111172096386 0.215043449710843
1.67 0.513652452826347 0.230792224281437
1.68 0.497442535363095 0.246941765178571
1.69 0.481505829508876 0.263450234337278
1.7 0.465864735411765 0.280269842452941
1.71 0.450539593163743 0.297347046777778
1.72 0.435548644517442 0.314622799052326
1.73 0.420908006872832 0.332032843208092
1.74 0.406631659528736 0.349508061712644
1.75 0.392731442222857 0.366974869308571
1.76 0.379217065761364 0.384355652335227
1.77 0.366096134514124 0.401569251548023
1.78 0.353374180567416 0.418531485797753
1.79 0.341054709011173 0.435155713810056
1.8 0.329139254027778 0.451353430627778
1.81 0.317627445171271 0.467034895171271
1.82 0.306517083214286 0.482109784906593
1.83 0.295804225 0.496487873322404
1.84 0.285483276402174 0.510079725576087
1.85 0.275547092751351 0.522797407497297
1.86 0.265987085817204 0.534555202688172
1.87 0.256793336486631 0.545270332513369
1.88 0.247954712234043 0.554863673085106
1.89 0.239458988465608 0.563260464179894
1.9 0.231292972731579 0.570391003210526
1.91 0.223442630968586 0.576191319057592
1.92 0.215893214677083 0.580603819739583
1.93 0.208629388227979 0.583577907098446
1.94 0.201635355268041 0.585070553298969
1.95 0.19489498345641 0.585046832307692
1.96 0.188391926591837 0.583480401479592
1.97 0.182109743416244 0.580353926192893
1.98 0.176032012318182 0.575659442676768
1.99 0.17014244139196 0.569398653668342
2 0.16442497316 0.5615831511
2.01 0.158863883661692 0.552234561492537
2.02 0.153443875420792 0.541384609356436
2.03 0.14815016417734 0.529075094039409
2.04 0.142968559254902 0.515357777058824
2.05 0.137885537634146 0.500294175707317
2.06 0.132888311883495 0.483955260650485
2.07 0.127964892468599 0.466421055323672
2.08 0.1231041448125 0.447780134956731
2.09 0.118295842023923 0.428129024588517
2.1 0.113530714109524 0.407571495361905
2.11 0.108800494843602 0.386217759440758
2.12 0.104097967740566 0.364183564443396
2.13 0.0994170125586854 0.341589189084507
2.14 0.0947526543224299 0.318558342523364
2.15 0.0901011167860465 0.295216970590698
2.16 0.0854598827407407 0.271691972976852
2.17 0.0808277636359447 0.248109836304147
2.18 0.0762049814311927 0.224595188825688
2.19 0.0715932656940639 0.201269283420091
2.2 0.0669959693045454 0.178248416240909
2.21 0.0624182065475113 0.155642289117647
2.22 0.0578670174279279 0.133552325153153
2.23 0.0533515682331839 0.112069928798206
2.24 0.0488833127946429 0.0912749625357143
2.25 0.0444764952133333 0.0712332199822222
2.26 0.0401478670628319 0.0519966248938053
2.27 0.0359151366096916 0.0336077386599119
2.28 0.0317952111092105 0.0161050296565789
2.29 0.0278037353227074 -0.000476082497991266
2.3 0.0239552143647826 -0.0161040745513043
2.31 0.0202629057047619 -0.0307513754554113
2.32 0.0167387739 -0.0443945898362069
2.33 0.0133934485253219 -0.0570146898841202
2.34 0.0102361880008547 -0.068597180542735
2.35 0.00727485034297872 -0.0791322377276596
2.36 0.00451587137288136 -0.0886148180805085
2.37 0.00196425075586498 -0.0970447386455696
2.38 -0.000376453800508403 -0.104426725138655
2.39 -0.00250412389958159 -0.110770427594142
2.4 -0.00441806916958333 -0.116090402533333
2.41 -0.00611900719377593 -0.120406061058091
2.42 -0.00760903456652893 -0.123741582384298
2.43 -0.00889158906790124 -0.126125792765432
2.44 -0.00997140301721311 -0.127592009918033
2.45 -0.0108544479310204 -0.128177853408163
2.46 -0.0115478706593496 -0.127925021560976
2.47 -0.0120599212732794 -0.12687903594332
2.48 -0.0123998730322581 -0.125088954600806
2.49 -0.0125779347787149 -0.122607055361446
2.5 -0.0126051562432 -0.119488491008
2.51 -0.0124933267521912 -0.115790918243028
2.52 -0.0122548678666667 -0.111574102357143
2.53 -0.011902720584585 -0.106899500146245
2.54 -0.0114502277590551 -0.101829823452756
2.55 -0.010911012387451 -0.096428585945098
2.56 -0.0102988525347656 -0.0907596360117187
2.57 -0.00962755364085603 -0.0848866786848249
2.58 -0.00891081896821705 -0.0788727895077519
2.59 -0.00816211902316602 -0.0727799235945946
2.6 -0.007394560755 -0.0666684229269231
2.61 -0.00662075734099617 -0.0605965251149425
2.62 -0.0058527011759542 -0.054619884370229
2.63 -0.00510162592965779 -0.0487910442775665
2.64 -0.00437790698712121 -0.0431590717689394
2.65 -0.00369093942664151 -0.0377690912490566
2.66 -0.00304895182255639 -0.0326615558421053
2.67 -0.00245878552209738 -0.0278713405438202
2.68 -0.00192540623298507 -0.0234256761738806
2.69 -0.00145311663223048 -0.0193493731249071
2.7 -0.00104566506037037 -0.0156653435403704
2.71 -0.000704856954428044 -0.0123887644859779
2.72 -0.000430598667463235 -0.00952729325294118
2.73 -0.000220961968586081 -0.00708136149120879
2.74 -7.20939874854014e-05 -0.00504381686058394
2.75 2.17952174701818e-05 -0.003399886434
2.76 6.85286042644928e-05 -0.00212720768481884
2.77 7.76864607220217e-05 -0.00119543339877256
2.78 6.0237584352518e-05 -0.000564998455827338
2.79 3.18758113989247e-05 -0.00019552571683871
2.8 8.34071239321429e-06 -3.64885081821429e-05
2.81 -2.21567071686833e-06 3.53728244362989e-06
2.82 -1.27386919687943e-06 2.44107682921986e-06
2.83 6.55012789293286e-07 -2.04559038501767e-06
2.84 0 0
2.85 0 0
2.86 0 0
2.87 0 0
2.88 0 0
2.89 0 0
2.9 0 0
2.91 0 0
2.92 0 0
2.93 0 0
2.94 0 0
2.95 0 0
2.96 0 0
2.97 0 0
2.98 0 0
2.99 0 0
3 0 0
3.01 0 0
3.02 0 0
3.03 0 0
3.04 0 0
3.05 0 0
3.06 0 0
3.07 0 0
3.08 0 0
3.09 0 0
3.1 0 0
3.11 0 0
3.12 0 0
3.13 0 0
3.14 0 0
3.15 0 0
3.16 0 0
3.17 0 0
3.18 0 0
3.19 0 0
3.2 0 0
3.21 0 0
3.22 0 0
3.23 0 0
3.24 0 0
3.25 0 0
3.26 0 0
3.27 0 0
3.28 0 0
3.29 0 0
3.3 0 0
3.31 0 0
3.32 0 0
3.33 0 0
3.34 0 0
3.35 0 0
3.36 0 0
3.37 0 0
3.38 0 0
3.39 0 0
3.4 0 0
3.41 0 0
3.42 0 0
3.43 0 0
3.44 0 0
3.45 0 0
3.46 0 0
3.47 0 0
3.48 0 0
3.49 0 0
3.5 0 0
3.51 0 0
3.52 0 0
3.53 0 0
3.54 0 0
3.55 0 0
3.56 0 0
3.57 0 0
3.58 0 0
3.59 0 0
3.6 0 0
3.61 0 0
3.62 0 0
3.63 0 0
3.64 0 0
3.65 0 0
3.66 0 0
3.67 0 0
3.68 0 0
3.69 0 0
3.7 0 0
3.71 0 0
3.72 0 0
3.73 0 0
3.74 0 0
3.75 0 0
3.76 0 0
3.77 0 0
3.78 0 0
3.79 0 0
3.8 0 0
3.81 0 0
3.82 0 0
3.83 0 0
3.84 0 0
3.85 0 0
3.86 0 0
3.87 0 0
3.88 0 0
3.89 0 0
3.9 0 0
3.91 0 0
3.92 0 0
3.93 0 0
3.94 0 0
3.95 0 0
3.96 0 0
3.97 0 0
3.98 0 0
3.99 0 0
4 0 0
4.01 0 0
4.02 0 0
4.03 0 0
4.04 0 0
4.05 0 0
4.06 0 0
4.07 0 0
4.08 0 0
4.09 0 0
4.1 0 0
4.11 0 0
4.12 0 0
4.13 0 0
4.14 0 0
4.15 0 0
4.16 0 0
4.17 0 0
4.18 0 0
4.19 0 0
4.2 0 0
4.21 0 0
4.22 0 0
4.23 0 0
4.24 0 0
4.25 0 0
4.26 0 0
4.27 0 0
4.28 0 0
4.29 0 0
4.3 0 0
4.31 0 0
4.32 0 0
4.33 0 0
4.34 0 0
4.35 0 0
4.36 0 0
4.37 0 0
4.38 0 0
4.39 0 0
4.4 0 0
4.41 0 0
4.42 0 0
4.43 0 0
4.44 0 0
4.45 0 0
4.46 0 0
4.47 0 0
4.48 0 0
4.49 0 0
4.5 0 0
4.51 0 0
4.52 0 0
4.53 0 0
4.54 0 0
4.55 0 0
4.56 0 0
4.57 0 0
4.58 0 0
4.59 0 0
4.6 0 0
4.61 0 0
4.62 0 0
4.63 0 0
4.64 0 0
4.65 0 0
4.66 0 0
4.67 0 0
4.68 0 0
4.69 0 0
4.7 0 0
4.71 0 0
4.72 0 0
4.73 0 0
4.74 0 0
4.75 0 0
4.76 0 0
4.77 0 0
4.78 0 0
4.79 0 0
4.8 0 0
4.81 0 0
4.82 0 0
4.83 0 0
4.84 0 0
4.85 0 0
4.86 0 0
4.87 0 0
4.88 0 0
4.89 0 0
4.9 0 0
4.91 0 0
4.92 0 0
4.93 0 0
4.94 0 0
4.95 0 0
4.96 0 0
4.97 0 0
4.98 0 0
4.99 0 0
5 0 0
5.01 0 0
5.02 0 0
5.03 0 0
5.04 0 0
5.05 0 0
5.06 0 0
5.07 0 0
5.08 0 0
5.09 0 0
5.1 0 0
5.11 0 0
5.12 0 0
5.13 0 0
5.14 0 0
5.15 0 0
5.16 0 0
5.17 0 0
5.18 0 0
5.19 0 0
5.2 0 0
5.21 0 0
5.22 0 0
5.23 0 0
5.24 0 0
5.25 0 0
5.26 0 0
5.27 0 0
5.28 0 0
5.29 0 0
5.3 0 0
5.31 0 0
5.32 0 0
5.33 0 0
5.34 0 0
5.35 0 0
5.36 0 0
5.37 0 0
5.38 0 0
5.39 0 0
5.4 0 0
5.41 0 0
5.42 0 0
5.43 0 0
5.44 0 0
5.45 0 0
5.46 0 0
5.47 0 0
5.48 0 0
5.49 0 0
5.5 0 0
5.51 0 0
5.52 0 0
5.53 0 0
5.54 0 0
5.55 0 0
5.56 0 0
5.57 0 0
5.58 0 0
5.59 0 0
5.6 0 0
5.61 0 0
5.62 0 0
5.63 0 0
5.64 0 0
5.65 0 0
5.66 0 0
5.67 0 0
5.68 0 0
5.69 0 0
5.7 0 0
5.71 0 0
5.72 0 0
5.73 0 0
5.74 0 0
5.75 0 0
5.76 0 0
5.77 0 0
5.78 0 0
5.79 0 0
5.8 0 0
5.81 0 0
5.82 0 0
5.83 0 0
5.84 0 0
5.85 0 0
5.86 0 0
5.87 0 0
5.88 0 0
5.89 0 0
5.9 0 0
5.91 0 0
5.92 0 0
5.93 0 0
5.94 0 0
5.95 0 0
5.96 0 0
5.97 0 0
5.98 0 0
5.99 0 0
6 0 0
6.01 0 0
6.02 0 0
6.03 0 0
6.04 0 0
6.05 0 0
6.06 0 0
6.07 0 0
6.08 0 0
6.09 0 0
6.1 0 0
6.11 0 0
6.12 0 0
6.13 0 0
6.14 0 0
6.15 0 0
6.16 0 0
6.17 0 0
6.18 0 0
6.19 0 0
6.2 0 0
6.21 0 0
6.22 0 0
6.23 0 0
6.24 0 0
6.25 0 0
6.26 0 0
6.27 0 0
6.28 0 0
6.29 0 0
6.3 0 0
6.31 0 0
6.32 0 0
6.33 0 0
6.34 0 0
6.35 0 0
6.36 0 0
6.37 0 0
6.38 0 0
6.39 0 0
6.4 0 0
6.41 0 0
6.42 0 0
6.43 0 0
6.44 0 0
6.45 0 0
6.46 0 0
6.47 0 0
6.48 0 0
6.49 0 0
6.5 0 0
6.51 0 0
6.52 0 0
6.53 0 0
6.54 0 0
6.55 0 0
6.56 0 0
6.57 0 0
6.58 0 0
6.59 0 0
6.6 0 0
6.61 0 0
6.62 0 0
6.63 0 0
6.64 0 0
6.65 0 0
6.66 0 0
6.67 0 0
6.68 0 0
6.69 0 0
6.7 0 0
6.71 0 0
6.72 0 0
6.73 0 0
6.74 0 0
6.75 0 0
6.76 0 0
6.77 0 0
6.78 0 0
6.79 0 0
6.8 0 0
6.81 0 0
6.82 0 0
6.83 0 0
6.84 0 0
6.85 0 0
6.86 0 0
6.87 0 0
6.88 0 0
6.89 0 0
6.9 0 0
6.91 0 0
6.92 0 0
6.93 0 0
6.94 0 0
6.95 0 0
6.96 0 0
6.97 0 0
6.98 0 0
6.99 0 0
7 0 0
7.01 0 0
7.02 0 0
7.03 0 0
7.04 0 0
7.05 0 0
7.06 0 0
7.07 0 0
7.08 0 0
7.09 0 0
7.1 0 0
7.11 0 0
7.12 0 0
7.13 0 0
7.14 0 0
7.15 0 0
7.16 0 0
7.17 0 0
7.18 0 0
7.19 0 0
7.2 0 0
7.21 0 0
7.22 0 0
7.23 0 0
7.24 0 0
7.25 0 0
7.26 0 0
7.27 0 0
7.28 0 0
7.29 0 0
7.3 0 0
7.31 0 0
7.32 0 0
7.33 0 0
7.34 0 0
7.35 0 0
7.36 0 0
7.37 0 0
7.38 0 0
7.39 0 0
7.4 0 0
7.41 0 0
7.42 0 0
7.43 0 0
7.44 0 0
7.45 0 0
7.46 0 0
7.47 0 0
7.48 0 0
7.49 0 0
7.5 0 0
7.51 0 0
7.52 0 0
7.53 0 0
7.54 0 0
7.55 0 0
7.56 0 0
7.57 0 0
7.58 0 0
7.59 0 0
7.6 0 0
7.61 0 0
7.62 0 0
7.63 0 0
7.64 0 0
7.65 0 0
7.66 0 0
7.67 0 0
7.68 0 0
7.69 0 0
7.7 0 0
7.71 0 0
7.72 0 0
7.73 0 0
7.74 0 0
7.75 0 0
7.76 0 0
7.77 0 0
7.78 0 0
7.79 0 0
7.8 0 0
7.81 0 0
7.82 0 0
7.83 0 0
7.84 0 0
7.85 0 0
7.86 0 0
7.87 0 0
7.88 0 0
7.89 0 0
7.9 0 0
7.91 0 0
7.92 0 0
7.93 0 0
7.94 0 0
7.95 0 0
7.96 0 0
7.97 0 0
7.98 0 0
7.99 0 0
8 0 0
8.01 0 0
8.02 0 0
8.03 0 0
8.04 0 0
8.05 0 0
8.06 0 0
8.07 0 0
8.08 0 0
8.09 0 0
8.1 0 0
8.11 0 0
8.12 0 0
8.13 0 0
8.14 0 0
8.15 0 0
8.16 0 0
8.17 0 0
8.18 0 0
8.19 0 0
8.2 0 0
8.21 0 0
8.22 0 0
8.23 0 0
8.24 0 0
8.25 0 0
8.26 0 0
8.27 0 0
8.28 0 0
8.29 0 0
8.3 0 0
8.31 0 0
8.32 0 0
8.33 0 0
8.34 0 0
8.35 0 0
8.36 0 0
8.37 0 0
8.38 0 0
8.39 0 0
8.4 0 0
8.41 0 0
8.42 0 0
8.43 0 0
8.44 0 0
8.45 0 0
8.46 0 0
8.47 0 0
8.48 0 0
8.49 0 0
8.5 0 0
8.51 0 0
8.52 0 0
8.53 0 0
8.54 0 0
8.55 0 0
8.56 0 0
8.57 0 0
8.58 0 0
8.59 0 0
8.6 0 0
8.61 0 0
8.62 0 0
8.63 0 0
8.64 0 0
8.65 0 0
8.66 0 0
8.67 0 0
8.68 0 0
8.69 0 0
8.7 0 0
8.71 0 0
8.72 0 0
8.73 0 0
8.74 0 0
8.75 0 0
8.76 0 0
8.77 0 0
8.78 0 0
8.79 0 0
8.8 0 0
8.81 0 0
8.82 0 0
8.83 0 0
8.84 0 0
8.85 0 0
8.86 0 0
8.87 0 0
8.88 0 0
8.89 0 0
8.9 0 0
8.91 0 0
8.92 0 0
8.93 0 0
8.94 0 0
8.95 0 0
8.96 0 0
8.97 0 0
8.98 0 0
8.99 0 0
9 0 0
9.01 0 0
9.02 0 0
9.03 0 0
9.04 0 0
9.05 0 0
9.06 0 0
9.07 0 0
9.08 0 0
9.09 0 0
9.1 0 0
9.11 0 0
9.12 0 0
9.13 0 0
9.14 0 0
9.15 0 0
9.16 0 0
9.17 0 0
9.18 0 0
9.19 0 0
9.2 0 0
9.21 0 0
9.22 0 0
9.23 0 0
9.24 0 0
9.25 0 0
9.26 0 0
9.27 0 0
9.28 0 0
9.29 0 0
9.3 0 0
9.31 0 0
9.32 0 0
9.33 0 0
9.34 0 0
9.35 0 0
9.36 0 0
9.37 0 0
9.38 0 0
9.39 0 0
9.4 0 0
9.41 0 0
9.42 0 0
9.43 0 0
9.44 0 0
9.45 0 0
9.46 0 0
9.47 0 0
9.48 0 0
9.49 0 0
9.5 0 0
9.51 0 0
9.52 0 0
9.53 0 0
9.54 0 0
9.55 0 0
9.56 0 0
9.57 0 0
9.58 0 0
9.59 0 0
9.6 0 0
9.61 0 0
9.62 0 0
9.63 0 0
9.64 0 0
9.65 0 0
9.66 0 0
9.67 0 0
9.68 0 0
9.69 0 0
9.7 0 0
9.71 0 0
9.72 0 0
9.73 0 0
9.74 0 0
9.75 0 0
9.76 0 0
9.77 0 0
9.78 0 0
9.79 0 0
9.8 0 0
9.81 0 0
9.82 0 0
9.83 0 0
9.84 0 0
9.85 0 0
9.86 0 0
9.87 0 0
9.88 0 0
9.89 0 0
9.9 0 0
9.91 0 0
9.92 0 0
9.93 0 0
9.94 0 0
9.95 0 0
9.96 0 0
9.97 0 0
9.98 0 0
9.99 0 0
10 0 0
10.01 0 0
10.02 0 0
10.03 0 0
10.04 0 0
10.05 0 0
10.06 0 0
10.07 0 0
10.08 0 0
10.09 0 0
10.1 0 0
10.11 0 0
10.12 0 0
10.13 0 0
10.14 0 0
10.15 0 0
10.16 0 0
10.17 0 0
10.18 0 0
10.19 0 0
10.2 0 0
10.21 0 0
10.22 0 0
10.23 0 0
10.24 0 0
10.25 0 0
10.26 0 0
10.27 0 0
10.28 0 0
10.29 0 0
10.3 0 0
10.31 0 0
10.32 0 0
10.33 0 0
10.34 0 0
10.35 0 0
10.36 0 0
10.37 0 0
10.38 0 0
10.39 0 0
10.4 0 0
10.41 0 0
10.42 0 0
10.43 0 0
10.44 0 0
10.45 0 0
10.46 0 0
10.47 0 0
10.48 0 0
10.49 0 0
10.5 0 0
10.51 0 0
10.52 0 0
10.53 0 0
10.54 0 0
10.55 0 0
10.56 0 0
10.57 0 0
10.58 0 0
10.59 0 0
10.6 0 0
10.61 0 0
10.62 0 0
10.63 0 0
10.64 0 0
10.65 0 0
10.66 0 0
10.67 0 0
10.68 0 0
10.69 0 0
10.7 0 0
10.71 0 0
10.72 0 0
10.73 0 0
10.74 0 0
10.75 0 0
10.76 0 0
10.77 0 0
10.78 0 0
10.79 0 0
10.8 0 0
10.81 0 0
10.82 0 0
10.83 0 0
10.84 0 0
10.85 0 0
10.86 0 0
10.87 0 0
10.88 0 0
10.89 0 0
10.9 0 0
10.91 0 0
10.92 0 0
10.93 0 0
10.94 0 0
10.95 0 0
10.96 0 0
10.97 0 0
10.98 0 0
10.99 0 0
11 0 0
11.01 0 0
11.02 0 0
11.03 0 0
11.04 0 0
11.05 0 0
11.06 0 0
11.07 0 0
11.08 0 0
11.09 0 0
11.1 0 0
11.11 0 0
11.12 0 0
11.13 0 0
11.14 0 0
11.15 0 0
11.16 0 0
11.17 0 0
11.18 0 0
11.19 0 0
11.2 0 0
11.21 0 0
11.22 0 0
11.23 0 0
11.24 0 0
11.25 0 0
11.26 0 0
11.27 0 0
11.28 0 0
11.29 0 0
11.3 0 0
11.31 0 0
11.32 0 0
11.33 0 0
11.34 0 0
11.35 0 0
11.36 0 0
11.37 0 0
11.38 0 0
11.39 0 0
11.4 0 0
11.41 0 0
11.42 0 0
11.43 0 0
11.44 0 0
11.45 0 0
11.46 0 0
11.47 0 0
11.48 0 0
11.49 0 0
11.5 0 0
11.51 0 0
11.52 0 0
11.53 0 0
11.54 0 0
11.55 0 0
11.56 0 0
11.57 0 0
11.58 0 0
11.59 0 0
11.6 0 0
11.61 0 0
11.62 0 0
11.63 0 0
11.64 0 0
11.65 0 0
11.66 0 0
11.67 0 0
11.68 0 0
11.69 0 0
11.7 0 0
11.71 0 0
11.72 0 0
11.73 0 0
11.74 0 0
11.75 0 0
11.76 0 0
11.77 0 0
11.78 0 0
11.79 0 0
11.8 0 0
11.81 0 0
11.82 0 0
11.83 0 0
11.84 0 0
11.85 0 0
11.86 0 0
11.87 0 0
11.88 0 0
11.89 0 0
11.9 0 0
11.91 0 0
11.92 0 0
11.93 0 0
11.94 0 0
11.95 0 0
11.96 0 0
11.97 0 0
11.98 0 0
11.99 0 0
12 0 0
12.01 0 0
12.02 0 0
12.03 0 0
12.04 0 0
12.05 0 0
12.06 0 0
12.07 0 0
12.08 0 0
12.09 0 0
12.1 0 0
12.11 0 0
12.12 0 0
12.13 0 0
12.14 0 0
12.15 0 0
12.16 0 0
12.17 0 0
12.18 0 0
12.19 0 0
12.2 0 0
12.21 0 0
12.22 0 0
12.23 0 0
12.24 0 0
12.25 0 0
12.26 0 0
12.27 0 0
12.28 0 0
12.29 0 0
12.3 0 0
12.31 0 0
12.32 0 0
12.33 0 0
12.34 0 0
12.35 0 0
12.36 0 0
12.37 0 0
12.38 0 0
12.39 0 0
12.4 0 0
12.41 0 0
12.42 0 0
12.43 0 0
12.44 0 0
12.45 0 0
12.46 0 0
12.47 0 0
12.48 0 0
12.49 0 0
12.5 0 0
12.51 0 0
12.52 0 0
12.53 0 0
12.54 0 0
12.55 0 0
12.56 0 0
12.57 0 0
12.58 0 0
12.59 0 0
12.6 0 0
12.61 0 0
12.62 0 0
12.63 0 0
12.64 0 0
12.65 0 0
12.66 0 0
12.67 0 0
12.68 0 0
12.69 0 0
12.7 0 0
12.71 0 0
12.72 0 0
12.73 0 0
12.74 0 0
12.75 0 0
12.76 0 0
12.77 0 0
12.78 0 0
12.79 0 0
12.8 0 0
12.81 0 0
12.82 0 0
12.83 0 0
12.84 0 0
12.85 0 0
12.86 0 0
12.87 0 0
12.88 0 0
12.89 0 0
12.9 0 0
12.91 0 0
12.92 0 0
12.93 0 0
12.94 0 0
12.95 0 0
12.96 0 0
12.97 0 0
12.98 0 0
12.99 0 0
13 0 0
13.01 0 0
13.02 0 0
13.03 0 0
13.04 0 0
13.05 0 0
13.06 0 0
13.07 0 0
13.08 0 0
13.09 0 0
13.1 0 0
13.11 0 0
13.12 0 0
13.13 0 0
13.14 0 0
13.15 0 0
13.16 0 0
13.17 0 0
13.18 0 0
13.19 0 0
13.2 0 0
13.21 0 0
13.22 0 0
13.23 0 0
13.24 0 0
13.25 0 0
13.26 0 0
13.27 0 0
13.28 0 0
13.29 0 0
13.3 0 0
13.31 0 0
13.32 0 0
13.33 0 0
13.34 0 0
13.35 0 0
13.36 0 0
13.37 0 0
13.38 0 0
13.39 0 0
13.4 0 0
13.41 0 0
13.42 0 0
13.43 0 0
13.44 0 0
13.45 0 0
13.46 0 0
13.47 0 0
13.48 0 0
13.49 0 0
13.5 0 0
13.51 0 0
13.52 0 0
13.53 0 0
13.54 0 0
13.55 0 0
13.56 0 0
13.57 0 0
13.58 0 0
13.59 0 0
13.6 0 0
13.61 0 0
13.62 0 0
13.63 0 0
13.64 0 0
13.65 0 0
13.66 0 0
13.67 0 0
13.68 0 0
13.69 0 0
13.7 0 0
13.71 0 0
13.72 0 0
13.73 0 0
13.74 0 0
13.75 0 0
13.76 0 0
13.77 0 0
13.78 0 0
13.79 0 0
13.8 0 0
13.81 0 0
13.82 0 0
13.83 0 0
13.84 0 0
13.85 0 0
13.86 0 0
13.87 0 0
13.88 0 0
13.89 0 0
13.9 0 0
13.91 0 0
13.92 0 0
13.93 0 0
13.94 0 0
13.95 0 0
13.96 0 0
13.97 0 0
13.98 0 0
13.99 0 0
14 0 0
14.01 0 0
14.02 0 0
14.03 0 0
14.04 0 0
14.05 0 0
14.06 0 0
14.07 0 0
14.08 0 0
14.09 0 0
14.1 0 0
14.11 0 0
14.12 0 0
14.13 0 0
14.14 0 0
14.15 0 0
14.16 0 0
14.17 0 0
14.18 0 0
14.19 0 0
14.2 0 0
14.21 0 0
14.22 0 0
14.23 0 0
14.24 0 0
14.25 0 0
14.26 0 0
14.27 0 0
14.28 0 0
14.29 0 0
14.3 0 0
14.31 0 0
14.32 0 0
14.33 0 0
14.34 0 0
14.35 0 0
14.36 0 0
14.37 0 0
14.38 0 0
14.39 0 0
14.4 0 0
14.41 0 0
14.42 0 0
14.43 0 0
14.44 0 0
14.45 0 0
14.46 0 0
14.47 0 0
14.48 0 0
14.49 0 0
14.5 0 0
14.51 0 0
14.52 0 0
14.53 0 0
14.54 0 0
14.55 0 0
14.56 0 0
14.57 0 0
14.58 0 0
14.59 0 0
14.6 0 0
14.61 0 0
14.62 0 0
14.63 0 0
14.64 0 0
14.65 0 0
14.66 0 0
14.67 0 0
14.68 0 0
14.69 0 0
14.7 0 0
14.71 0 0
14.72 0 0
14.73 0 0
14.74 0 0
14.75 0 0
14.76 0 0
14.77 0 0
14.78 0 0
14.79 0 0
14.8 0 0
14.81 0 0
14.82 0 0
14.83 0 0
14.84 0 0
14.85 0 0
14.86 0 0
14.87 0 0
14.88 0 0
14.89 0 0
14.9 0 0
14.91 0 0
14.92 0 0
14.93 0 0
14.94 0 0
14.95 0 0
14.96 0 0
14.97 0 0
14.98 0 0
14.99 0 0
15 0 0
15.01 0 0
15.02 0 0
15.03 0 0
15.04 0 0
15.05 0 0
15.06 0 0
15.07 0 0
15.08 0 0
15.09 0 0
15.1 0 0
15.11 0 0
15.12 0 0
15.13 0 0
15.14 0 0
15.15 0 0
15.16 0 0
15.17 0 0
15.18 0 0
15.19 0 0
15.2 0 0
15.21 0 0
15.22 0 0
15.23 0 0
15.24 0 0
15.25 0 0
15.26 0 0
15.27 0 0
15.28 0 0
15.29 0 0
15.3 0 0
15.31 0 0
15.32 0 0
15.33 0 0
15.34 0 0
15.35 0 0
15.36 0 0
15.37 0 0
15.38 0 0
15.39 0 0
15.4 0 0
15.41 0 0
15.42 0 0
15.43 0 0
15.44 0 0
15.45 0 0
15.46 0 0
15.47 0 0
15.48 0 0
15.49 0 0
15.5 0 0
15.51 0 0
15.52 0 0
15.53 0 0
15.54 0 0
15.55 0 0
15.56 0 0
15.57 0 0
15.58 0 0
15.59 0 0
15.6 0 0
15.61 0 0
15.62 0 0
15.63 0 0
15.64 0 0
15.65 0 0
15.66 0 0
15.67 0 0
15.68 0 0
15.69 0 0
15.7 0 0
15.71 0 0
15.72 0 0
15.73 0 0
15.74 0 0
15.75 0 0
15.76 0 0
15.77 0 0
15.78 0 0
15.79 0 0
15.8 0 0
15.81 0 0
15.82 0 0
15.83 0 0
15.84 0 0
15.85 0 0
15.86 0 0
15.87 0 0
15.88 0 0
15.89 0 0
15.9 0 0
15.91 0 0
15.92 0 0
15.93 0 0
15.94 0 0
15.95 0 0
15.96 0 0
15.97 0 0
15.98 0 0
15.99 0 0
16 0 0
16.01 0 0
16.02 0 0
16.03 0 0
16.04 0 0
16.05 0 0
16.06 0 0
16.07 0 0
16.08 0 0
16.09 0 0
16.1 0 0
16.11 0 0
16.12 0 0
16.13 0 0
16.14 0 0
16.15 0 0
16.16 0 0
16.17 0 0
16.18 0 0
16.19 0 0
16.2 0 0
16.21 0 0
16.22 0 0
16.23 0 0
16.24 0 0
16.25 0 0
16.26 0 0
16.27 0 0
16.28 0 0
16.29 0 0
16.3 0 0
16.31 0 0
16.32 0 0
16.33 0 0
16.34 0 0
16.35 0 0
16.36 0 0
16.37 0 0
16.38 0 0
16.39 0 0
16.4 0 0
16.41 0 0
16.42 0 0
16.43 0 0
16.44 0 0
16.45 0 0
16.46 0 0
16.47 0 0
16.48 0 0
16.49 0 0
16.5 0 0
16.51 0 0
16.52 0 0
16.53 0 0
16.54 0 0
16.55 0 0
16.56 0 0
16.57 0 0
16.58 0 0
16.59 0 0
16.6 0 0
16.61 0 0
16.62 0 0
16.63 0 0
16.64 0 0
16.65 0 0
16.66 0 0
16.67 0 0
16.68 0 0
16.69 0 0
16.7 0 0
16.71 0 0
16.72 0 0
16.73 0 0
16.74 0 0
16.75 0 0
16.76 0 0
16.77 0 0
16.78 0 0
16.79 0 0
16.8 0 0
16.81 0 0
16.82 0 0
16.83 0 0
16.84 0 0
16.85 0 0
16.86 0 0
16.87 0 0
16.88 0 0
16.89 0 0
16.9 0 0
16.91 0 0
16.92 0 0
16.93 0 0
16.94 0 0
16.95 0 0
16.96 0 0
16.97 0 0
16.98 0 0
16.99 0 0
17 0 0
17.01 0 0
17.02 0 0
17.03 0 0
17.04 0 0
17.05 0 0
17.06 0 0
17.07 0 0
17.08 0 0
17.09 0 0
17.1 0 0
17.11 0 0
17.12 0 0
17.13 0 0
17.14 0 0
17.15 0 0
17.16 0 0
17.17 0 0
17.18 0 0
17.19 0 0
17.2 0 0
17.21 0 0
17.22 0 0
17.23 0 0
17.24 0 0
17.25 0 0
17.26 0 0
17.27 0 0
17.28 0 0
17.29 0 0
17.3 0 0
17.31 0 0
17.32 0 0
17.33 0 0
17.34 0 0
17.35 0 0
17.36 0 0
17.37 0 0
17.38 0 0
17.39 0 0
17.4 0 0
17.41 0 0
17.42 0 0
17.43 0 0
17.44 0 0
17.45 0 0
17.46 0 0
17.47 0 0
17.48 0 0
17.49 0 0
17.5 0 0
17.51 0 0
17.52 0 0
17.53 0 0
17.54 0 0
17.55 0 0
17.56 0 0
17.57 0 0
17.58 0 0
17.59 0 0
17.6 0 0
17.61 0 0
17.62 0 0
17.63 0 0
17.64 0 0
17.65 0 0
17.66 0 0
17.67 0 0
17.68 0 0
17.69 0 0
17.7 0 0
17.71 0 0
17.72 0 0
17.73 0 0
17.74 0 0
17.75 0 0
17.76 0 0
17.77 0 0
17.78 0 0
17.79 0 0
17.8 0 0
17.81 0 0
17.82 0 0
17.83 0 0
17.84 0 0
17.85 0 0
17.86 0 0
17.87 0 0
17.88 0 0
17.89 0 0
17.9 0 0
17.91 0 0
17.92 0 0
17.93 0 0
17.94 0 0
17.95 0 0
17.96 0 0
17.97 0 0
17.98 0 0
17.99 0 0
18 0 0
18.01 0 0
18.02 0 0
18.03 0 0
18.04 0 0
18.05 0 0
18.06 0 0
18.07 0 0
18.08 0 0
18.09 0 0
18.1 0 0
18.11 0 0
18.12 0 0
18.13 0 0
18.14 0 0
18.15 0 0
