0 3.7902994783 -0.25670234664
0.01 3.7902994783 -0.25670234664
0.02 3.78869774065 -0.256047826125
0.03 3.78602875433333 -0.254957724216667
0.04 3.782293386 -0.253433187325
0.05 3.7774928524 -0.2514758164
0.06 3.7716287245 -0.2490876629
0.07 3.76470293171429 -0.2462712237
0.08 3.756717768125 -0.2430294348375
0.09 3.74767589855556 -0.239365664222222
0.1 3.7375803666 -0.23528370332
0.11 3.72643460281818 -0.230787757790909
0.12 3.71424243408333 -0.225882437208333
0.13 3.70100809361538 -0.220572743784615
0.14 3.68673623164286 -0.214864060278571
0.15 3.671431927 -0.20876213704
0.16 3.6551006990625 -0.20227307830625
0.17 3.63774852029412 -0.195403327741176
0.18 3.619381829 -0.188159653316667
0.19 3.60000754310526 -0.180549131636842
0.2 3.5796330734 -0.17257913167
0.21 3.55826633752381 -0.164257298057143
0.22 3.53591577386364 -0.155591533972727
0.23 3.5125903556087 -0.146589983686956
0.24 3.4882996045 -0.137261014858333
0.25 3.46305360472 -0.127613200632
0.26 3.43686301634615 -0.117655301619231
0.27 3.40973908840741 -0.10739624782963
0.28 3.38169367182143 -0.0968451206285714
0.29 3.35273923131035 -0.0860111348137931
0.3 3.32288885726667 -0.0749036208366667
0.31 3.29215627645161 -0.0635320072612903
0.32 3.2605558615625 -0.05190580356875
0.33 3.22810264181818 -0.0400345833060606
0.34 3.19481230911765 -0.0279279676744118
0.35 3.16070122685714 -0.0155956096634286
0.36 3.12578643527778 -0.00304717870666667
0.37 3.09008565513514 0.00970765400783784
0.38 3.05361729315789 0.0226592295584211
0.39 3.01640044230769 0.035797914574359
0.4 2.9784548835 0.0491141137375
0.41 2.93980108365854 0.0625982814658537
0.42 2.90046019404762 0.0762409327261905
0.43 2.86045404581395 0.0900326529395349
0.44 2.81980514386364 0.103964106961364
0.45 2.77853666044444 0.118026047097778
0.46 2.73667242434783 0.132209320130435
0.47 2.69423691085106 0.146504873348936
0.48 2.65125522895833 0.1609037595625
0.49 2.60775310571429 0.175397141081633
0.5 2.5637568712 0.189976292686
0.51 2.51929343823529 0.20463260354902
0.52 2.47439028403846 0.219357578192308
0.53 2.42907542660377 0.234142836301887
0.54 2.38337740222222 0.248980111796296
0.55 2.33732523836364 0.263861250654545
0.56 2.29094842696429 0.278778207982143
0.57 2.24427689526316 0.293723044140351
0.58 2.19734097448276 0.308687919982759
0.59 2.15017136762712 0.323665091186441
0.6 2.10279911483333 0.338646902016667
0.61 2.05525555754098 0.353625778081967
0.62 2.00757230209677 0.368594218645161
0.63 1.95978118015873 0.383544788206349
0.64 1.91191420921875 0.398470107484375
0.65 1.86400355123077 0.413362844
0.66 1.81608147015151 0.428215702181818
0.67 1.76818028880597 0.443021413149254
0.68 1.72033234426471 0.457772724132353
0.69 1.67256994231884 0.472462387826087
0.7 1.624925312 0.487083151457143
0.71 1.57743055859155 0.501627745957747
0.72 1.53011761652778 0.516088874986111
0.73 1.48301820164384 0.530459204287671
0.74 1.43616376324324 0.544731351054054
0.75 1.3895854368 0.558897873653333
0.76 1.34331399447368 0.572951261657895
0.77 1.29737979850649 0.586883926454545
0.78 1.25181275261538 0.600688192141026
0.79 1.20664225473418 0.614356287202532
0.8 1.1618971501625 0.6278803368375
0.81 1.11760568507407 0.641252355938272
0.82 1.0737954609878 0.65446424297561
0.83 1.03049338992771 0.66750777473494
0.84 0.987725650702381 0.680374602035714
0.85 0.945517646258824 0.693056246470588
0.86 0.903893962197674 0.705544098127907
0.87 0.862878326793103 0.71782941462069
0.88 0.822493572340909 0.729903321113636
0.89 0.782761598224719 0.741756811685393
0.9 0.743703335588889 0.753380751977778
0.91 0.705338713868132 0.764765883032967
0.92 0.66768662923913 0.775902826576087
0.93 0.630764915043011 0.786782091591398
0.94 0.594590314308511 0.797394082329787
0.95 0.559178454526316 0.807729107621053
0.96 0.524543824635417 0.817777391677083
0.97 0.490699754350515 0.827529086195876
0.98 0.457658395979592 0.83697428394898
0.99 0.425430708606061 0.846103033686869
1 0.39402644491 0.85490535638
1.01 0.363454140534653 0.863371262871287
1.02 0.333721106078431 0.87149077277451
1.03 0.304833421747573 0.879253934640777
1.04 0.276795934721154 0.886650847355769
1.05 0.249612259209524 0.893671682733333
1.06 0.223284779273585 0.900306709169811
1.07 0.197814654336449 0.906546316364486
1.08 0.173201827453704 0.912381041083333
1.09 0.149445036330275 0.917801593761468
1.1 0.126541826972727 0.922798886
1.11 0.104488570117117 0.927364058648649
1.12 0.0832804802625 0.931488510982143
1.13 0.0629116373053097 0.935163929734513
1.14 0.0433750107921053 0.938382319473684
1.15 0.0246624866495652 0.941136032347826
1.16 0.00676489639284483 0.943417799310345
1.17 -0.010327951282906 0.94522076025641
1.18 -0.0266272365932203 0.946538495084746
1.19 -0.042145092512605 0.947365054285714
1.2 -0.0568945664766667 0.9476949895
1.21 -0.0708895800256198 0.947523383884298
1.22 -0.0841448864836066 0.946845881639344
1.23 -0.0966760267886179 0.945658717560976
1.24 -0.108499283556452 0.943958745564516
1.25 -0.119631633568 0.9417434664
1.26 -0.130090698650794 0.93901105484127
1.27 -0.139894695283465 0.935760385511811
1.28 -0.149062382867188 0.93199105765625
1.29 -0.157613010868217 0.927703418992248
1.3 -0.165566265053846 0.922898587307692
1.31 -0.172942212793893 0.917578471984733
1.32 -0.179761247689394 0.911745792348485
1.33 -0.186044033669173 0.905404095789474
1.34 -0.191811448671642 0.898557772910448
1.35 -0.197084528014815 0.89121207162963
1.36 -0.201884407779412 0.883373108602941
1.37 -0.206232268153285 0.875047879051095
1.38 -0.210149277014493 0.86624426442029
1.39 -0.213656533928058 0.856971037122302
1.4 -0.216775014607143 0.847237863857143
1.41 -0.219525516134752 0.837055305886525
1.42 -0.221928602992958 0.826434816830986
1.43 -0.224004554125874 0.815388738391608
1.44 -0.225773311159722 0.803930292916667
1.45 -0.22725442797931 0.792073573655173
1.46 -0.228467021787671 0.779833532191781
1.47 -0.22942972577551 0.767225963197279
1.48 -0.230160643675676 0.754267486283784
1.49 -0.230677306167785 0.740975525033557
1.5 -0.2309966295 0.727368283533333
1.51 -0.231134876251656 0.71346471986755
1.52 -0.231107618592105 0.699284516447368
1.53 -0.230929704006536 0.684848048300654
1.54 -0.230615223753247 0.670176347467533
1.55 -0.230177484090323 0.655291065935484
1.56 -0.229628980448718 0.640214434269231
1.57 -0.22898137466879 0.62496921888535
1.58 -0.22824547543038 0.609578675651899
1.59 -0.227431221924528 0.594066501301887
1.6 -0.22654767098125 0.57845678209375
1.61 -0.225602987614907 0.562773939937888
1.62 -0.224604439216049 0.547042676055556
1.63 -0.223558393355828 0.531287912288344
1.64 -0.222470319365854 0.51553473002439
1.65 -0.221344793666667 0.499808307006061
1.66 -0.220185508993976 0.48413385196988
1.67 -0.218995287491018 0.46853653736527
1.68 -0.21777609775 0.453041430178571
1.69 -0.216529075781065 0.43767342104142
1.7 -0.215254549941176 0.422457151782353
1.71 -0.213952069824561 0.407416941567252
1.72 -0.212620439081395 0.39257671175
1.73 -0.211257752115607 0.377959909699422
1.74 -0.209861434626437 0.363589431724138
1.75 -0.208428287971429 0.349487545337143
1.76 -0.206954537176136 0.335675811022727
1.77 -0.205435882553672 0.322175003819209
1.78 -0.203867554797753 0.309005034882022
1.79 -0.202244373424581 0.296184873357542
1.8 -0.200560808344444 0.283732468733333
1.81 -0.198811044453039 0.271664674093923
1.82 -0.196989048978022 0.259997170472527
1.83 -0.195088641398907 0.248744392693989
1.84 -0.19310356563587 0.237919456994565
1.85 -0.191027564232432 0.227534090827027
1.86 -0.188854454311828 0.217598565236559
1.87 -0.186578204807487 0.20812163013369
1.88 -0.184193014739362 0.199110453005319
1.89 -0.181693392100529 0.190570561412698
1.9 -0.1790742329 0.182505789794737
1.91 -0.176330899895288 0.174918231078534
1.92 -0.173459300604167 0.167808193598958
1.93 -0.170455963943005 0.16117416388601
1.94 -0.167318115020619 0.155012775943299
1.95 -0.164043747435897 0.149318787523077
1.96 -0.160631692484694 0.144085064188776
1.97 -0.157081684492386 0.139302571695431
1.98 -0.153394421691919 0.1349603775
1.99 -0.149571621748744 0.131045662130653
2 -0.14561607121 0.127543741135
2.01 -0.141531667955224 0.124438098532338
2.02 -0.137323455821782 0.121710432539604
2.03 -0.132997650369458 0.119340714571429
2.04 -0.128561654833333 0.117307262362745
2.05 -0.124024065190244 0.115586828317073
2.06 -0.11939466326699 0.114154704053398
2.07 -0.114684396652174 0.112984842280193
2.08 -0.109905344264423 0.112049997139423
2.09 -0.105070666287081 0.111321884253589
2.1 -0.100194537066667 0.110771361666667
2.11 -0.0952920596635071 0.110368633099526
2.12 -0.0903791605377358 0.110083474801887
2.13 -0.0854724628215962 0.109885487539906
2.14 -0.0805891366261682 0.109744375168224
2.15 -0.0757467246651163 0.109630251395349
2.16 -0.0709629414629629 0.109513976412037
2.17 -0.0662554443548387 0.109367525078341
2.18 -0.0616415742981651 0.109164388550459
2.19 -0.0571380645799087 0.108880011136986
2.2 -0.0527607153590909 0.10849226445
2.21 -0.0485240316606335 0.107981961149321
2.22 -0.0444408227747748 0.10733341022973
2.23 -0.04052175482287 0.106535025847534
2.24 -0.0367749305303571 0.10557986103125
2.25 -0.033205139184 0.104466683302222
2.26 -0.0298138304889381 0.103199747402655
2.27 -0.026600283692511 0.101786470220264
2.28 -0.0235631154035088 0.100234701947368
2.29 -0.0207006467414847 0.0985520820262009
2.3 -0.0180107579452174 0.0967463314434783
2.31 -0.01549094975671 0.0948251645887446
2.32 -0.0131383564211207 0.0927962922456897
2.33 -0.0109497615639485 0.0906674194763949
2.34 -0.00892161535512821 0.0884462416880342
2.35 -0.00705005243148936 0.0861404398765958
2.36 -0.00533091047542373 0.0837576751186441
2.37 -0.00375974940113924 0.0813055823839662
2.38 -0.00233187110794118 0.0787917636890756
2.39 -0.00104233975230126 0.0762237806192469
2.4 0.000113997513091667 0.0736091462666667
2.41 0.00114248938539419 0.0709553166016597
2.42 0.00204865889987603 0.0682696813305785
2.43 0.0028381816199177 0.0655595543251029
2.44 0.00351686358836066 0.0628321635819672
2.45 0.00409061910204082 0.0600946408530612
2.46 0.00456544837317073 0.0573540109430894
2.47 0.00494741514615385 0.0546171807246963
2.48 0.00524262433629032 0.051890927983871
2.49 0.00545719974899598 0.0491818900682731
2.5 0.0055972619604 0.046496552472
2.51 0.00566890641992032 0.0438412373426295
2.52 0.00567818183968254 0.0412220920277778
2.53 0.00563106894664032 0.038645077698419
2.54 0.00553345965944882 0.0361159580771654
2.55 0.00539113675490196 0.0336402883803922
2.56 0.00520975409101563 0.0312234044859375
2.57 0.00499481744863813 0.0288704124042802
2.58 0.00475166605658915 0.0265861781069767
2.59 0.00448545485366795 0.0243753177548263
2.6 0.00420113754923077 0.0222421883838462
2.61 0.00390345053639847 0.0201908790992337
2.62 0.00359689805194656 0.0182252031896947
2.63 0.00328573584661597 0.0163486882296578
2.64 0.0029739622757197 0.0145645736621212
2.65 0.00266530386950943 0.0128758017916981
2.66 0.00236320027781955 0.0112850093902256
2.67 0.00207075889475655 0.00979448276179775
2.68 0.00179064572723881 0.00840604199701492
2.69 0.00152533687650558 0.0071213175394052
2.7 0.00127716556837037 0.00594180764888889
2.71 0.0010481064895203 0.00486865687269373
2.72 0.000839789188602941 0.00390267293602941
2.73 0.000653510433589744 0.00304434134018315
2.74 0.000490226386605839 0.00229381958153285
2.75 0.0003505549648 0.00165094125869091
2.76 0.000234808057833333 0.00111538434083333
2.77 0.000142879237469314 0.000686063059927798
2.78 7.40205877625899e-05 0.000359983357877698
2.79 2.86115298566308e-05 0.000141328212609319
2.8 5.93395318428572e-06 2.98604538657143e-05
2.81 -1.02675478270463e-06 -5.24565040142349e-06
2.82 -6.12292002801418e-07 -3.15047010886525e-06
2.83 3.95641384982332e-07 1.9938273155477e-06
2.84 0 0
2.85 0 0
2.86 0 0
2.87 0 0
2.88 0 0
2.89 0 0
2.9 0 0
2.91 0 0
2.92 0 0
2.93 0 0
2.94 0 0
2.95 0 0
2.96 0 0
2.97 0 0
2.98 0 0
2.99 0 0
3 0 0
3.01 0 0
3.02 0 0
3.03 0 0
3.04 0 0
3.05 0 0
3.06 0 0
3.07 0 0
3.08 0 0
3.09 0 0
3.1 0 0
3.11 0 0
3.12 0 0
3.13 0 0
3.14 0 0
3.15 0 0
3.16 0 0
3.17 0 0
3.18 0 0
3.19 0 0
3.2 0 0
3.21 0 0
3.22 0 0
3.23 0 0
3.24 0 0
3.25 0 0
3.26 0 0
3.27 0 0
3.28 0 0
3.29 0 0
3.3 0 0
3.31 0 0
3.32 0 0
3.33 0 0
3.34 0 0
3.35 0 0
3.36 0 0
3.37 0 0
3.38 0 0
3.39 0 0
3.4 0 0
3.41 0 0
3.42 0 0
3.43 0 0
3.44 0 0
3.45 0 0
3.46 0 0
3.47 0 0
3.48 0 0
3.49 0 0
3.5 0 0
3.51 0 0
3.52 0 0
3.53 0 0
3.54 0 0
3.55 0 0
3.56 0 0
3.57 0 0
3.58 0 0
3.59 0 0
3.6 0 0
3.61 0 0
3.62 0 0
3.63 0 0
3.64 0 0
3.65 0 0
3.66 0 0
3.67 0 0
3.68 0 0
3.69 0 0
3.7 0 0
3.71 0 0
3.72 0 0
3.73 0 0
3.74 0 0
3.75 0 0
3.76 0 0
3.77 0 0
3.78 0 0
3.79 0 0
3.8 0 0
3.81 0 0
3.82 0 0
3.83 0 0
3.84 0 0
3.85 0 0
3.86 0 0
3.87 0 0
3.88 0 0
3.89 0 0
3.9 0 0
3.91 0 0
3.92 0 0
3.93 0 0
3.94 0 0
3.95 0 0
3.96 0 0
3.97 0 0
3.98 0 0
3.99 0 0
4 0 0
4.01 0 0
4.02 0 0
4.03 0 0
4.04 0 0
4.05 0 0
4.06 0 0
4.07 0 0
4.08 0 0
4.09 0 0
4.1 0 0
4.11 0 0
4.12 0 0
4.13 0 0
4.14 0 0
4.15 0 0
4.16 0 0
4.17 0 0
4.18 0 0
4.19 0 0
4.2 0 0
4.21 0 0
4.22 0 0
4.23 0 0
4.24 0 0
4.25 0 0
4.26 0 0
4.27 0 0
4.28 0 0
4.29 0 0
4.3 0 0
4.31 0 0
4.32 0 0
4.33 0 0
4.34 0 0
4.35 0 0
4.36 0 0
4.37 0 0
4.38 0 0
4.39 0 0
4.4 0 0
4.41 0 0
4.42 0 0
4.43 0 0
4.44 0 0
4.45 0 0
4.46 0 0
4.47 0 0
4.48 0 0
4.49 0 0
4.5 0 0
4.51 0 0
4.52 0 0
4.53 0 0
4.54 0 0
4.55 0 0
4.56 0 0
4.57 0 0
4.58 0 0
4.59 0 0
4.6 0 0
4.61 0 0
4.62 0 0
4.63 0 0
4.64 0 0
4.65 0 0
4.66 0 0
4.67 0 0
4.68 0 0
4.69 0 0
4.7 0 0
4.71 0 0
4.72 0 0
4.73 0 0
4.74 0 0
4.75 0 0
4.76 0 0
4.77 0 0
4.78 0 0
4.79 0 0
4.8 0 0
4.81 0 0
4.82 0 0
4.83 0 0
4.84 0 0
4.85 0 0
4.86 0 0
4.87 0 0
4.88 0 0
4.89 0 0
4.9 0 0
4.91 0 0
4.92 0 0
4.93 0 0
4.94 0 0
4.95 0 0
4.96 0 0
4.97 0 0
4.98 0 0
4.99 0 0
5 0 0
5.01 0 0
5.02 0 0
5.03 0 0
5.04 0 0
5.05 0 0
5.06 0 0
5.07 0 0
5.08 0 0
5.09 0 0
5.1 0 0
5.11 0 0
5.12 0 0
5.13 0 0
5.14 0 0
5.15 0 0
5.16 0 0
5.17 0 0
5.18 0 0
5.19 0 0
5.2 0 0
5.21 0 0
5.22 0 0
5.23 0 0
5.24 0 0
5.25 0 0
5.26 0 0
5.27 0 0
5.28 0 0
5.29 0 0
5.3 0 0
5.31 0 0
5.32 0 0
5.33 0 0
5.34 0 0
5.35 0 0
5.36 0 0
5.37 0 0
5.38 0 0
5.39 0 0
5.4 0 0
5.41 0 0
5.42 0 0
5.43 0 0
5.44 0 0
5.45 0 0
5.46 0 0
5.47 0 0
5.48 0 0
5.49 0 0
5.5 0 0
5.51 0 0
5.52 0 0
5.53 0 0
5.54 0 0
5.55 0 0
5.56 0 0
5.57 0 0
5.58 0 0
5.59 0 0
5.6 0 0
5.61 0 0
5.62 0 0
5.63 0 0
5.64 0 0
5.65 0 0
5.66 0 0
5.67 0 0
5.68 0 0
5.69 0 0
5.7 0 0
5.71 0 0
5.72 0 0
5.73 0 0
5.74 0 0
5.75 0 0
5.76 0 0
5.77 0 0
5.78 0 0
5.79 0 0
5.8 0 0
5.81 0 0
5.82 0 0
5.83 0 0
5.84 0 0
5.85 0 0
5.86 0 0
5.87 0 0
5.88 0 0
5.89 0 0
5.9 0 0
5.91 0 0
5.92 0 0
5.93 0 0
5.94 0 0
5.95 0 0
5.96 0 0
5.97 0 0
5.98 0 0
5.99 0 0
6 0 0
6.01 0 0
6.02 0 0
6.03 0 0
6.04 0 0
6.05 0 0
6.06 0 0
6.07 0 0
6.08 0 0
6.09 0 0
6.1 0 0
6.11 0 0
6.12 0 0
6.13 0 0
6.14 0 0
6.15 0 0
6.16 0 0
6.17 0 0
6.18 0 0
6.19 0 0
6.2 0 0
6.21 0 0
6.22 0 0
6.23 0 0
6.24 0 0
6.25 0 0
6.26 0 0
6.27 0 0
6.28 0 0
6.29 0 0
6.3 0 0
6.31 0 0
6.32 0 0
6.33 0 0
6.34 0 0
6.35 0 0
6.36 0 0
6.37 0 0
6.38 0 0
6.39 0 0
6.4 0 0
6.41 0 0
6.42 0 0
6.43 0 0
6.44 0 0
6.45 0 0
6.46 0 0
6.47 0 0
6.48 0 0
6.49 0 0
6.5 0 0
6.51 0 0
6.52 0 0
6.53 0 0
6.54 0 0
6.55 0 0
6.56 0 0
6.57 0 0
6.58 0 0
6.59 0 0
6.6 0 0
6.61 0 0
6.62 0 0
6.63 0 0
6.64 0 0
6.65 0 0
6.66 0 0
6.67 0 0
6.68 0 0
6.69 0 0
6.7 0 0
6.71 0 0
6.72 0 0
6.73 0 0
6.74 0 0
6.75 0 0
6.76 0 0
6.77 0 0
6.78 0 0
6.79 0 0
6.8 0 0
6.81 0 0
6.82 0 0
6.83 0 0
6.84 0 0
6.85 0 0
6.86 0 0
6.87 0 0
6.88 0 0
6.89 0 0
6.9 0 0
6.91 0 0
6.92 0 0
6.93 0 0
6.94 0 0
6.95 0 0
6.96 0 0
6.97 0 0
6.98 0 0
6.99 0 0
7 0 0
7.01 0 0
7.02 0 0
7.03 0 0
7.04 0 0
7.05 0 0
7.06 0 0
7.07 0 0
7.08 0 0
7.09 0 0
7.1 0 0
7.11 0 0
7.12 0 0
7.13 0 0
7.14 0 0
7.15 0 0
7.16 0 0
7.17 0 0
7.18 0 0
7.19 0 0
7.2 0 0
7.21 0 0
7.22 0 0
7.23 0 0
7.24 0 0
7.25 0 0
7.26 0 0
7.27 0 0
7.28 0 0
7.29 0 0
7.3 0 0
7.31 0 0
7.32 0 0
7.33 0 0
7.34 0 0
7.35 0 0
7.36 0 0
7.37 0 0
7.38 0 0
7.39 0 0
7.4 0 0
7.41 0 0
7.42 0 0
7.43 0 0
7.44 0 0
7.45 0 0
7.46 0 0
7.47 0 0
7.48 0 0
7.49 0 0
7.5 0 0
7.51 0 0
7.52 0 0
7.53 0 0
7.54 0 0
7.55 0 0
7.56 0 0
7.57 0 0
7.58 0 0
7.59 0 0
7.6 0 0
7.61 0 0
7.62 0 0
7.63 0 0
7.64 0 0
7.65 0 0
7.66 0 0
7.67 0 0
7.68 0 0
7.69 0 0
7.7 0 0
7.71 0 0
7.72 0 0
7.73 0 0
7.74 0 0
7.75 0 0
7.76 0 0
7.77 0 0
7.78 0 0
7.79 0 0
7.8 0 0
7.81 0 0
7.82 0 0
7.83 0 0
7.84 0 0
7.85 0 0
7.86 0 0
7.87 0 0
7.88 0 0
7.89 0 0
7.9 0 0
7.91 0 0
7.92 0 0
7.93 0 0
7.94 0 0
7.95 0 0
7.96 0 0
7.97 0 0
7.98 0 0
7.99 0 0
8 0 0
8.01 0 0
8.02 0 0
8.03 0 0
8.04 0 0
8.05 0 0
8.06 0 0
8.07 0 0
8.08 0 0
8.09 0 0
8.1 0 0
8.11 0 0
8.12 0 0
8.13 0 0
8.14 0 0
8.15 0 0
8.16 0 0
8.17 0 0
8.18 0 0
8.19 0 0
8.2 0 0
8.21 0 0
8.22 0 0
8.23 0 0
8.24 0 0
8.25 0 0
8.26 0 0
8.27 0 0
8.28 0 0
8.29 0 0
8.3 0 0
8.31 0 0
8.32 0 0
8.33 0 0
8.34 0 0
8.35 0 0
8.36 0 0
8.37 0 0
8.38 0 0
8.39 0 0
8.4 0 0
8.41 0 0
8.42 0 0
8.43 0 0
8.44 0 0
8.45 0 0
8.46 0 0
8.47 0 0
8.48 0 0
8.49 0 0
8.5 0 0
8.51 0 0
8.52 0 0
8.53 0 0
8.54 0 0
8.55 0 0
8.56 0 0
8.57 0 0
8.58 0 0
8.59 0 0
8.6 0 0
8.61 0 0
8.62 0 0
8.63 0 0
8.64 0 0
8.65 0 0
8.66 0 0
8.67 0 0
8.68 0 0
8.69 0 0
8.7 0 0
8.71 0 0
8.72 0 0
8.73 0 0
8.74 0 0
8.75 0 0
8.76 0 0
8.77 0 0
8.78 0 0
8.79 0 0
8.8 0 0
8.81 0 0
8.82 0 0
8.83 0 0
8.84 0 0
8.85 0 0
8.86 0 0
8.87 0 0
8.88 0 0
8.89 0 0
8.9 0 0
8.91 0 0
8.92 0 0
8.93 0 0
8.94 0 0
8.95 0 0
8.96 0 0
8.97 0 0
8.98 0 0
8.99 0 0
9 0 0
9.01 0 0
9.02 0 0
9.03 0 0
9.04 0 0
9.05 0 0
9.06 0 0
9.07 0 0
9.08 0 0
9.09 0 0
9.1 0 0
9.11 0 0
9.12 0 0
9.13 0 0
9.14 0 0
9.15 0 0
9.16 0 0
9.17 0 0
9.18 0 0
9.19 0 0
9.2 0 0
9.21 0 0
9.22 0 0
9.23 0 0
9.24 0 0
9.25 0 0
9.26 0 0
9.27 0 0
9.28 0 0
9.29 0 0
9.3 0 0
9.31 0 0
9.32 0 0
9.33 0 0
9.34 0 0
9.35 0 0
9.36 0 0
9.37 0 0
9.38 0 0
9.39 0 0
9.4 0 0
9.41 0 0
9.42 0 0
9.43 0 0
9.44 0 0
9.45 0 0
9.46 0 0
9.47 0 0
9.48 0 0
9.49 0 0
9.5 0 0
9.51 0 0
9.52 0 0
9.53 0 0
9.54 0 0
9.55 0 0
9.56 0 0
9.57 0 0
9.58 0 0
9.59 0 0
9.6 0 0
9.61 0 0
9.62 0 0
9.63 0 0
9.64 0 0
9.65 0 0
9.66 0 0
9.67 0 0
9.68 0 0
9.69 0 0
9.7 0 0
9.71 0 0
9.72 0 0
9.73 0 0
9.74 0 0
9.75 0 0
9.76 0 0
9.77 0 0
9.78 0 0
9.79 0 0
9.8 0 0
9.81 0 0
9.82 0 0
9.83 0 0
9.84 0 0
9.85 0 0
9.86 0 0
9.87 0 0
9.88 0 0
9.89 0 0
9.9 0 0
9.91 0 0
9.92 0 0
9.93 0 0
9.94 0 0
9.95 0 0
9.96 0 0
9.97 0 0
9.98 0 0
9.99 0 0
10 0 0
10.01 0 0
10.02 0 0
10.03 0 0
10.04 0 0
10.05 0 0
10.06 0 0
10.07 0 0
10.08 0 0
10.09 0 0
10.1 0 0
10.11 0 0
10.12 0 0
10.13 0 0
10.14 0 0
10.15 0 0
10.16 0 0
10.17 0 0
10.18 0 0
10.19 0 0
10.2 0 0
10.21 0 0
10.22 0 0
10.23 0 0
10.24 0 0
10.25 0 0
10.26 0 0
10.27 0 0
10.28 0 0
10.29 0 0
10.3 0 0
10.31 0 0
10.32 0 0
10.33 0 0
10.34 0 0
10.35 0 0
10.36 0 0
10.37 0 0
10.38 0 0
10.39 0 0
10.4 0 0
10.41 0 0
10.42 0 0
10.43 0 0
10.44 0 0
10.45 0 0
10.46 0 0
10.47 0 0
10.48 0 0
10.49 0 0
10.5 0 0
10.51 0 0
10.52 0 0
10.53 0 0
10.54 0 0
10.55 0 0
10.56 0 0
10.57 0 0
10.58 0 0
10.59 0 0
10.6 0 0
10.61 0 0
10.62 0 0
10.63 0 0
10.64 0 0
10.65 0 0
10.66 0 0
10.67 0 0
10.68 0 0
10.69 0 0
10.7 0 0
10.71 0 0
10.72 0 0
10.73 0 0
10.74 0 0
10.75 0 0
10.76 0 0
10.77 0 0
10.78 0 0
10.79 0 0
10.8 0 0
10.81 0 0
10.82 0 0
10.83 0 0
10.84 0 0
10.85 0 0
10.86 0 0
10.87 0 0
10.88 0 0
10.89 0 0
10.9 0 0
10.91 0 0
10.92 0 0
10.93 0 0
10.94 0 0
10.95 0 0
10.96 0 0
10.97 0 0
10.98 0 0
10.99 0 0
11 0 0
11.01 0 0
11.02 0 0
11.03 0 0
11.04 0 0
11.05 0 0
11.06 0 0
11.07 0 0
11.08 0 0
11.09 0 0
11.1 0 0
11.11 0 0
11.12 0 0
11.13 0 0
11.14 0 0
11.15 0 0
11.16 0 0
11.17 0 0
11.18 0 0
11.19 0 0
11.2 0 0
11.21 0 0
11.22 0 0
11.23 0 0
11.24 0 0
11.25 0 0
11.26 0 0
11.27 0 0
11.28 0 0
11.29 0 0
11.3 0 0
11.31 0 0
11.32 0 0
11.33 0 0
11.34 0 0
11.35 0 0
11.36 0 0
11.37 0 0
11.38 0 0
11.39 0 0
11.4 0 0
11.41 0 0
11.42 0 0
11.43 0 0
11.44 0 0
11.45 0 0
11.46 0 0
11.47 0 0
11.48 0 0
11.49 0 0
11.5 0 0
11.51 0 0
11.52 0 0
11.53 0 0
11.54 0 0
11.55 0 0
11.56 0 0
11.57 0 0
11.58 0 0
11.59 0 0
11.6 0 0
11.61 0 0
11.62 0 0
11.63 0 0
11.64 0 0
11.65 0 0
11.66 0 0
11.67 0 0
11.68 0 0
11.69 0 0
11.7 0 0
11.71 0 0
11.72 0 0
11.73 0 0
11.74 0 0
11.75 0 0
11.76 0 0
11.77 0 0
11.78 0 0
11.79 0 0
11.8 0 0
11.81 0 0
11.82 0 0
11.83 0 0
11.84 0 0
11.85 0 0
11.86 0 0
11.87 0 0
11.88 0 0
11.89 0 0
11.9 0 0
11.91 0 0
11.92 0 0
11.93 0 0
11.94 0 0
11.95 0 0
11.96 0 0
11.97 0 0
11.98 0 0
11.99 0 0
12 0 0
12.01 0 0
12.02 0 0
12.03 0 0
12.04 0 0
12.05 0 0
12.06 0 0
12.07 0 0
12.08 0 0
12.09 0 0
12.1 0 0
12.11 0 0
12.12 0 0
12.13 0 0
12.14 0 0
12.15 0 0
12.16 0 0
12.17 0 0
12.18 0 0
12.19 0 0
12.2 0 0
12.21 0 0
12.22 0 0
12.23 0 0
12.24 0 0
12.25 0 0
12.26 0 0
12.27 0 0
12.28 0 0
12.29 0 0
12.3 0 0
12.31 0 0
12.32 0 0
12.33 0 0
12.34 0 0
12.35 0 0
12.36 0 0
12.37 0 0
12.38 0 0
12.39 0 0
12.4 0 0
12.41 0 0
12.42 0 0
12.43 0 0
12.44 0 0
12.45 0 0
12.46 0 0
12.47 0 0
12.48 0 0
12.49 0 0
12.5 0 0
12.51 0 0
12.52 0 0
12.53 0 0
12.54 0 0
12.55 0 0
12.56 0 0
12.57 0 0
12.58 0 0
12.59 0 0
12.6 0 0
12.61 0 0
12.62 0 0
12.63 0 0
12.64 0 0
12.65 0 0
12.66 0 0
12.67 0 0
12.68 0 0
12.69 0 0
12.7 0 0
12.71 0 0
12.72 0 0
12.73 0 0
12.74 0 0
12.75 0 0
12.76 0 0
12.77 0 0
12.78 0 0
12.79 0 0
12.8 0 0
12.81 0 0
12.82 0 0
12.83 0 0
12.84 0 0
12.85 0 0
12.86 0 0
12.87 0 0
12.88 0 0
12.89 0 0
12.9 0 0
12.91 0 0
12.92 0 0
12.93 0 0
12.94 0 0
12.95 0 0
12.96 0 0
12.97 0 0
12.98 0 0
12.99 0 0
13 0 0
13.01 0 0
13.02 0 0
13.03 0 0
13.04 0 0
13.05 0 0
13.06 0 0
13.07 0 0
13.08 0 0
13.09 0 0
13.1 0 0
13.11 0 0
13.12 0 0
13.13 0 0
13.14 0 0
13.15 0 0
13.16 0 0
13.17 0 0
13.18 0 0
13.19 0 0
13.2 0 0
13.21 0 0
13.22 0 0
13.23 0 0
13.24 0 0
13.25 0 0
13.26 0 0
13.27 0 0
13.28 0 0
13.29 0 0
13.3 0 0
13.31 0 0
13.32 0 0
13.33 0 0
13.34 0 0
13.35 0 0
13.36 0 0
13.37 0 0
13.38 0 0
13.39 0 0
13.4 0 0
13.41 0 0
13.42 0 0
13.43 0 0
13.44 0 0
13.45 0 0
13.46 0 0
13.47 0 0
13.48 0 0
13.49 0 0
13.5 0 0
13.51 0 0
13.52 0 0
13.53 0 0
13.54 0 0
13.55 0 0
13.56 0 0
13.57 0 0
13.58 0 0
13.59 0 0
13.6 0 0
13.61 0 0
13.62 0 0
13.63 0 0
13.64 0 0
13.65 0 0
13.66 0 0
13.67 0 0
13.68 0 0
13.69 0 0
13.7 0 0
13.71 0 0
13.72 0 0
13.73 0 0
13.74 0 0
13.75 0 0
13.76 0 0
13.77 0 0
13.78 0 0
13.79 0 0
13.8 0 0
13.81 0 0
13.82 0 0
13.83 0 0
13.84 0 0
13.85 0 0
13.86 0 0
13.87 0 0
13.88 0 0
13.89 0 0
13.9 0 0
13.91 0 0
13.92 0 0
13.93 0 0
13.94 0 0
13.95 0 0
13.96 0 0
13.97 0 0
13.98 0 0
13.99 0 0
14 0 0
14.01 0 0
14.02 0 0
14.03 0 0
14.04 0 0
14.05 0 0
14.06 0 0
14.07 0 0
14.08 0 0
14.09 0 0
14.1 0 0
14.11 0 0
14.12 0 0
14.13 0 0
14.14 0 0
14.15 0 0
14.16 0 0
14.17 0 0
14.18 0 0
14.19 0 0
14.2 0 0
14.21 0 0
14.22 0 0
14.23 0 0
14.24 0 0
14.25 0 0
14.26 0 0
14.27 0 0
14.28 0 0
14.29 0 0
14.3 0 0
14.31 0 0
14.32 0 0
14.33 0 0
14.34 0 0
14.35 0 0
14.36 0 0
14.37 0 0
14.38 0 0
14.39 0 0
14.4 0 0
14.41 0 0
14.42 0 0
14.43 0 0
14.44 0 0
14.45 0 0
14.46 0 0
14.47 0 0
14.48 0 0
14.49 0 0
14.5 0 0
14.51 0 0
14.52 0 0
14.53 0 0
14.54 0 0
14.55 0 0
14.56 0 0
14.57 0 0
14.58 0 0
14.59 0 0
14.6 0 0
14.61 0 0
14.62 0 0
14.63 0 0
14.64 0 0
14.65 0 0
14.66 0 0
14.67 0 0
14.68 0 0
14.69 0 0
14.7 0 0
14.71 0 0
14.72 0 0
14.73 0 0
14.74 0 0
14.75 0 0
14.76 0 0
14.77 0 0
14.78 0 0
14.79 0 0
14.8 0 0
14.81 0 0
14.82 0 0
14.83 0 0
14.84 0 0
14.85 0 0
14.86 0 0
14.87 0 0
14.88 0 0
14.89 0 0
14.9 0 0
14.91 0 0
14.92 0 0
14.93 0 0
14.94 0 0
14.95 0 0
14.96 0 0
14.97 0 0
14.98 0 0
14.99 0 0
15 0 0
15.01 0 0
15.02 0 0
15.03 0 0
15.04 0 0
15.05 0 0
15.06 0 0
15.07 0 0
15.08 0 0
15.09 0 0
15.1 0 0
15.11 0 0
15.12 0 0
15.13 0 0
15.14 0 0
15.15 0 0
15.16 0 0
15.17 0 0
15.18 0 0
15.19 0 0
15.2 0 0
15.21 0 0
15.22 0 0
15.23 0 0
15.24 0 0
15.25 0 0
15.26 0 0
15.27 0 0
15.28 0 0
15.29 0 0
15.3 0 0
15.31 0 0
15.32 0 0
15.33 0 0
15.34 0 0
15.35 0 0
15.36 0 0
15.37 0 0
15.38 0 0
15.39 0 0
15.4 0 0
15.41 0 0
15.42 0 0
15.43 0 0
15.44 0 0
15.45 0 0
15.46 0 0
15.47 0 0
15.48 0 0
15.49 0 0
15.5 0 0
15.51 0 0
15.52 0 0
15.53 0 0
15.54 0 0
15.55 0 0
15.56 0 0
15.57 0 0
15.58 0 0
15.59 0 0
15.6 0 0
15.61 0 0
15.62 0 0
15.63 0 0
15.64 0 0
15.65 0 0
15.66 0 0
15.67 0 0
15.68 0 0
15.69 0 0
15.7 0 0
15.71 0 0
15.72 0 0
15.73 0 0
15.74 0 0
15.75 0 0
15.76 0 0
15.77 0 0
15.78 0 0
15.79 0 0
15.8 0 0
15.81 0 0
15.82 0 0
15.83 0 0
15.84 0 0
15.85 0 0
15.86 0 0
15.87 0 0
15.88 0 0
15.89 0 0
15.9 0 0
15.91 0 0
15.92 0 0
15.93 0 0
15.94 0 0
15.95 0 0
15.96 0 0
15.97 0 0
15.98 0 0
15.99 0 0
16 0 0
16.01 0 0
16.02 0 0
16.03 0 0
16.04 0 0
16.05 0 0
16.06 0 0
16.07 0 0
16.08 0 0
16.09 0 0
16.1 0 0
16.11 0 0
16.12 0 0
16.13 0 0
16.14 0 0
16.15 0 0
16.16 0 0
16.17 0 0
16.18 0 0
16.19 0 0
16.2 0 0
16.21 0 0
16.22 0 0
16.23 0 0
16.24 0 0
16.25 0 0
16.26 0 0
16.27 0 0
16.28 0 0
16.29 0 0
16.3 0 0
16.31 0 0
16.32 0 0
16.33 0 0
16.34 0 0
16.35 0 0
16.36 0 0
16.37 0 0
16.38 0 0
16.39 0 0
16.4 0 0
16.41 0 0
16.42 0 0
16.43 0 0
16.44 0 0
16.45 0 0
16.46 0 0
16.47 0 0
16.48 0 0
16.49 0 0
16.5 0 0
16.51 0 0
16.52 0 0
16.53 0 0
16.54 0 0
16.55 0 0
16.56 0 0
16.57 0 0
16.58 0 0
16.59 0 0
16.6 0 0
16.61 0 0
16.62 0 0
16.63 0 0
16.64 0 0
16.65 0 0
16.66 0 0
16.67 0 0
16.68 0 0
16.69 0 0
16.7 0 0
16.71 0 0
16.72 0 0
16.73 0 0
16.74 0 0
16.75 0 0
16.76 0 0
16.77 0 0
16.78 0 0
16.79 0 0
16.8 0 0
16.81 0 0
16.82 0 0
16.83 0 0
16.84 0 0
16.85 0 0
16.86 0 0
16.87 0 0
16.88 0 0
16.89 0 0
16.9 0 0
16.91 0 0
16.92 0 0
16.93 0 0
16.94 0 0
16.95 0 0
16.96 0 0
16.97 0 0
16.98 0 0
16.99 0 0
17 0 0
17.01 0 0
17.02 0 0
17.03 0 0
17.04 0 0
17.05 0 0
17.06 0 0
17.07 0 0
17.08 0 0
17.09 0 0
17.1 0 0
17.11 0 0
17.12 0 0
17.13 0 0
17.14 0 0
17.15 0 0
17.16 0 0
17.17 0 0
17.18 0 0
17.19 0 0
17.2 0 0
17.21 0 0
17.22 0 0
17.23 0 0
17.24 0 0
17.25 0 0
17.26 0 0
17.27 0 0
17.28 0 0
17.29 0 0
17.3 0 0
17.31 0 0
17.32 0 0
17.33 0 0
17.34 0 0
17.35 0 0
17.36 0 0
17.37 0 0
17.38 0 0
17.39 0 0
17.4 0 0
17.41 0 0
17.42 0 0
17.43 0 0
17.44 0 0
17.45 0 0
17.46 0 0
17.47 0 0
17.48 0 0
17.49 0 0
17.5 0 0
17.51 0 0
17.52 0 0
17.53 0 0
17.54 0 0
17.55 0 0
17.56 0 0
17.57 0 0
17.58 0 0
17.59 0 0
17.6 0 0
17.61 0 0
17.62 0 0
17.63 0 0
17.64 0 0
17.65 0 0
17.66 0 0
17.67 0 0
17.68 0 0
17.69 0 0
17.7 0 0
17.71 0 0
17.72 0 0
17.73 0 0
17.74 0 0
17.75 0 0
17.76 0 0
17.77 0 0
17.78 0 0
17.79 0 0
17.8 0 0
17.81 0 0
17.82 0 0
17.83 0 0
17.84 0 0
17.85 0 0
17.86 0 0
17.87 0 0
17.88 0 0
17.89 0 0
17.9 0 0
17.91 0 0
17.92 0 0
17.93 0 0
17.94 0 0
17.95 0 0
17.96 0 0
17.97 0 0
17.98 0 0
17.99 0 0
18 0 0
18.01 0 0
18.02 0 0
18.03 0 0
18.04 0 0
18.05 0 0
18.06 0 0
18.07 0 0
18.08 0 0
18.09 0 0
18.1 0 0
18.11 0 0
18.12 0 0
18.13 0 0
18.14 0 0
18.15 0 0
