-0.023716339298170384 -0.0063981762955739119 0.0019313684971258988
0.0059978356785335757 0.00156180689216717 -0.010178696804330848
-0.0037662723181443114 0.012217501772231127 -0.018078210318596598
-0.00037081386473641637 -0.014905535550645615 -0.0066358119387885141
-0.016186219174348513 -0.0078663169446423365 -0.0051064686889752556
-0.011100165421154504 0.001693913970097918 0.0043519132112357535
0.0064206962070275644 -0.0052437944142693224 0.0059762531275899811
0.02057644998031297 -0.0029972274000851463 -0.0085386959788360077
-0.0023278843809373976 -0.011061808261399365 -0.0022625866701397671
-0.0027886512546941951 0.014229278253134612 -0.0044612672965375008
0.0024499220050234081 -0.012671412462334792 -0.0014477330252067565
0.0026427873377426461 -0.003196655608239664 -0.014593969738342052
-0.0090077427315135173 0.0064225498375057736 -0.0039166652233873127
-6.0854410946561452e-05 -0.0021378330683679376 -0.0073997315310375409
-0.0072544170870517807 -0.002527356935101636 -0.0041802363589591406
-0.0067340458460400533 0.0031251324430388214 0.0026647523482162833
-0.0051151573305194152 0.0062540961094218637 0.0023817727042791787
-0.0085617623675779842 0.0010269868428902592 -0.0028298596777608992
0.002654474039220779 0.0060085176781695133 0.0018947317809205706
0.020251238726341041 -0.00022401487210402585 -0.0024009382996264331
0.017410836392830586 -0.0047038002513563248 -0.0028861030210223029
-0.022693145077783469 0.0063703836008130567 -0.010091667002735165
-0.0070334090409945012 -0.0011497994362957553 0.0071939615274368013
-0.019534234133481647 -0.0068821286071947679 0.012560115187356759
-0.014726861197589621 0.0019313853151795353 0.00055698820363525939
0.0062516351380193435 0.0075841058503150248 -0.0024114745295055161
0.011933752508055145 -0.001741345681904877 -0.0018923312910104611
0.011372609388425289 -0.0042572125967124006 0.0029177718448996134
0.0056519711610202462 0.010707286937042353 0.00058907279093162559
-0.0079260262153992653 -0.0057360694653459023 0.0067881843566425532
-0.00046970468993353959 -0.0096552300135892815 -0.0014948484903933791
0.0019209229867191866 -0.00107029509087029 -0.01210798336574918
0.012153876752511056 -0.0099902884608215285 0.019447857613415238
0.012460860663358189 -0.001231314879026821 0.00094389103873992683
-0.002621738026330791 -0.007272902195818786 -0.0027264866394826927
0.01477260858895558 -0.0080810842873684039 0.00039377714860577156
-0.0073636719805034037 -0.0065628492618087717 -0.0034022421483964477
0.0042133950131038132 -0.0081535856399641473 0.0042001447354972007
-0.0019325753008533637 0.0016806858292858957 0.00047373979249308248
0.010039310964098125 -0.0077202956820028668 0.011115109119513846
0.02149844731133085 -0.00034866022576694993 -0.0019893114540570694
0.0024498353384165969 0.0022881145981399247 -0.0076308807675427009
0.0027801399031266291 0.024640024813095452 -0.0013780118741808216
-0.011074909723469752 -0.021348155060383487 0.0063379271852553824
0.0012560212196949588 -0.0055393179758465522 0.020331126707730775
-0.0088078174104677959 -0.0096391951546011163 -0.0080762419671439253
0.0069926405157853767 0.0030682572086516676 0.0040093478885963995
-0.0071350416384742318 -0.0025188080418255005 0.0095474759521265926
-0.0039434300530291648 0.0073197847723982627 -0.0010253028509141955
-0.0019321993125958397 0.0098990007087091936 -0.0022522502337124738
0.020065164762365945 -0.0044795038354449538 -0.0086511278239597943
0.010441495641179958 -0.0026748414137871554 -0.018736051414205975
-0.010502803974271653 -0.0011935393628812354 0.016774207174072315
0.0087998141896526022 -0.013459956041574614 0.0034991546374711843
-0.0026165937273791825 0.0072772300464565782 0.015320750262235791
-0.0067764523596974121 0.0085411541577322374 -0.0038849600923627366
-0.011574868916902461 -0.00033683182878360598 0.0099096410567638786
0.0052518747043145157 -0.00287154468312888 0.0052072109248016731
0.0040365853314487466 -0.0098491332186602595 0.0090861863419955148
-0.0076080586306479367 0.0011488393861458651 0.0055862352151233611
-0.010125168869213328 -0.0075712027054967357 -0.0033191259225686318
-0.0015172659489870672 -0.009726430633019539 0.0059571784095724702
0.00084372208042561136 0.0014954052022669413 0.01636874704183737
-0.0012711093872607047 0.0094453699527207117 0.010283502383514274
-0.0018940881695038167 -0.0096345763384939678 0.016821355361101728
-0.0029804468690497192 -0.0069527157918555611 -0.0090681226594346263
0.01041819166092015 -0.0084543015257821912 0.01577363295110373
0.00504620456597286 -0.00036626467081360143 -0.013171352737455304
-0.0069698306162895443 0.0095965741319620664 -0.0088667309032796921
-0.019561587298925674 0.0047054414012973412 0.014684269325553386
-0.010916623520771867 0.0044625362463838912 0.0091887722975358931
-0.021738455652515074 -0.0072879445437557281 0.0030435404966982285
0.0022369289763428616 0.0048431303262533301 0.004275919265517153
-0.0013461881951760497 -0.011215569079987159 -0.00011410904605792588
-0.0031925001441383992 0.0074249752060896656 -0.0078326032058401596
0.005046828937368129 0.010648189696503262 0.00073108054244486545
0.0016763938813632306 0.0035030089404280056 0.00036227859960037353
-0.0042564841999422837 -0.0086456297575154672 0.0044067840714693378
-0.0055674293513659949 0.0052103136838494114 0.0014459949072714549
-0.027055692451055477 0.0053933864638598264 0.0068703549664315827
0.0071934014105743509 -0.0010540667168571938 0.014090540777758974
0.0029904770151619221 0.0058822692331046674 0.00091152119274179593
-0.0067679263772326345 0.0084599909086062516 -2.6920749494322148e-05
0.0073708239881319646 -0.006569278814486117 0.0060567752603406348
-0.0034994279539741404 0.0034987860312432461 3.87796061467391e-07
-0.0060553117853114537 0.0030833550704824266 0.0041474895284060688
-0.00089427974689387508 -0.0093509069273932082 0.0022777140582180919
0.0078152409439326588 -0.0019953770145296531 -0.0011129470846017603
-0.005085361563021429 0.0056863342794981524 0.0025662796990537284
0.0021932954302977467 0.00095557039826759543 -0.00092295589339419146
-0.0076941867239688801 0.0030087225516957109 0.00024480781725837013
0.00041250158172245798 -0.0079081383202014646 0.0008167562457655548
0.0020960614446553271 0.00498238073107868 -0.0091024071634966466
-0.0054895460782880484 -0.0027529933707621909 0.0038301215399551532
0.0058865985790738243 -0.0018868552471567382 0.0013536662011682096
0.0045494931166277768 0.0017629800420744721 0.0011267968986391854
-0.008410082386301693 -0.0033236085040433449 0.0041078228257189348
-0.0019215579359543233 0.0039343152431507355 -0.004381433442251545
-0.0019447231973301839 0.010823265218652827 -0.0020865984821921459
-0.0027976167672775594 0.0067858355014409231 0.0037777361755033465
0.0032061987788965024 0.00078922882688830479 0.003949113547870654
0.0061657774549383716 0.00074936555066529276 -0.0034249513100988982
0.0036224715745720023 0.0035285795314174591 -0.0077308718274541072
-0.0049630545384685889 0.0025580843035653369 -0.00032216418305964633
0.002679028291994982 0.0041868619916775917 -0.0060057589530978532
0.0049024686167256342 0.0061980061120646621 -0.0083349545416865692
-0.0057242004707754156 0.00043893836402486574 -0.0016867767167128953
0.000735910146499613 0.0018338963588039128 0.0032887472623888028
-0.0037505828487519256 -0.0074690935423018341 -0.0069369976578815065
0.0061232421401209288 -0.0032398899317884703 0.0091087945582700135
0.0021704406948679948 0.0078902646419381512 0.0029680345938884528
-0.0008200354578502861 -0.0073939975412610328 0.0025228100842241675
-0.00073015799224190707 -0.012393918368999049 0.0047155584811225774
0.0056711875492994508 0.00073268015992199284 0.0055782680076658219
-0.0078130343671263067 -0.0073083840754150009 0.0016396128466893657
-0.0023059426207646455 -0.010288847607511161 0.0066294675254928506
0.0040645153657063587 0.0073920048592020834 0.0030312990428716137
0.0015841128596784677 -0.00026271590904238548 -0.0017819473950231963
-0.0074663015165273286 -0.0076530328198790047 -0.0076171901623371526
-0.0018414409275666031 0.0057793457850752556 0.00013891688139218262
0.0049455564023879782 -0.004068703242431978 -0.0062044905551704877
-0.00013727988235140865 -0.0042232346108807299 -0.0021441227118028918
0.0074781600823110696 0.0031226042974384222 -0.0011153636149727293
-0.0040447669344139698 0.0027322528938932373 -0.0086883221041382502
0.0025430256291590981 0.0040286703766049935 -0.007959707106639036
0.00028983413459510946 -0.0062294814838763177 -0.0083761353437357688
0.0024610235539272588 0.0066930695973078666 -0.00087960146049708093
0.0040897756926629768 -0.0027528533029274583 0.00090544959789773513
0.0012148348584033791 0.0058738138725594417 0.0032432152606642894
0.0023004438496097984 -0.0067710635358460133 0.011072363720414705
0.0030660835880014442 0.0045102631188717419 0.003800479290996779
-0.0072206505119012812 -0.0035452442126543814 0.002351411302936814
0.00063388086771889746 0.00050234283511484134 -0.0034663338299580956
0.0028606868845768426 0.00013391809549921998 -0.0047334064612889722
-0.0054621367155686636 -0.00039107273841509688 0.0042604931273891623
0.0050798478341704785 -0.002222376363132687 -0.005529564933317496
0.005475118812534493 0.0027460565640404248 -0.0019444495322175136
-0.013721800961045003 0.010786871731349767 -0.0036207037957936795
0.0037384530362948721 -0.0082540904370405049 -0.0048609262014966837
-0.0031591831046659333 0.0013790026175362045 -0.0018013931198911648
-0.0084862601266107816 -0.0027549500315041768 -0.0022842644770935915
0.010028200758850062 -0.0038833554811105652 0.0079390072329266065
-0.0058848303381257277 0.0036877690445574606 -0.0053606648349059979
0.010957267815666926 0.0045534781335819551 0.00064961888297785395
-0.0013162472254000385 0.0071825648141492721 0.0051768383107349729
0.0029847746169231314 0.0014843741147872616 -0.0031135208748367463
0.0076959086677465061 -0.005092189397931165 -0.0021409826028356226
-0.0002476511627096842 -0.014707584162600639 -0.0014928559165121834
0.0092066152166845588 -0.0073985605975819633 -0.0037797920154923194
0.0022165542289335084 -0.0020772134137498934 0.0038373103334815167
-0.0074884696389025647 0.00059725617236518474 -0.0094598312924832634
-0.0077633999757097992 0.00056940757183116767 0.0032540831851538021
0.0037977241374852954 0.0049264592815372009 0.0024194322193932184
0.0032047434562487292 0.00024711802887759091 -0.0087725405468577471
-0.0035315664937615151 -0.005129119949812657 0.0037629512672921316
-0.00039909163570270127 -0.0014971204292959486 0.018826263760407067
0.00059652208094785556 0.00020238076049594849 0.00066432632976985782
-0.0049316911534328465 0.0014984570600100171 -1.4943926599203001e-05
-0.00095669183186841786 0.00294048909113424 -0.0056217546968107442
0.0018339772428414909 0.0048659065240144843 0.01173281298846297
-0.006863547190770627 0.0037754092056396698 0.003044720664914919
0.00039188619347395141 -0.0014154727149987814 9.3554687330597933e-05
-0.0073508499621882965 0.00042026656898871593 -0.0013353285261675867
0.0035800572127993951 -0.0011630311686168266 -0.0015367641387024366
0.0094743115320117862 0.0048222885295625033 -0.0042848053473298819
-0.0012507844926515129 0.0012658926973549527 -0.0051639138789642391
-0.0030053173937124112 0.0029260213643804217 -0.00056773847936494339
-8.1795711156892881e-05 -0.0053731858995620585 -0.0079655181572817983
-0.00087167446984177683 0.0059658991782140409 -0.0013199431113640253
0.0011387497822097263 -0.0013537369178261026 -0.0020811942558329223
-0.00073527730369063547 -0.0071186553567801842 -0.00641822608676915
0.012679345854923392 -0.0044559707341436669 -0.0023553350970277067
-0.003826987920339797 -0.0011701406204615082 0.0005084535263470629
0.0022837467133399363 -0.0084950977144493955 0.00082451840810807814
0.012566851770638217 0.0013604249850569892 0.0063031938722393575
-0.0025684144020516712 -0.0017476493527649863 0.0014471024135420917
0.0027135656644524026 -0.0056016980952628224 0.0040778781759455785
0.0073088783617971985 -0.003090484767011974 0.00044437667651138501
0.00058024472580428012 0.0011694416381187627 0.0036930898928445545
-0.00082174267113013203 0.0047101028755030987 0.0033026083533605447
-0.0026291417671662149 -0.01038963798021046 0.0067132234968596827
-0.0035967054535833041 0.004455092570658045 0.0031542998960772
-0.0023851651513604106 -0.001309443312584532 -0.0048993896040234689
-0.019111335717475107 0.0022910215667664375 0.0013642111451768022
-0.0025947711570913053 -0.0017732718927520514 -0.0032428109507771749
-0.0058445541536925726 -0.0061949048005741142 0.0028135960300276234
-0.0065457977923458243 0.0053595218175487925 -0.0041303185606458518
-1.7198979057977442e-05 -0.0092484768753841977 0.010261924957644428
-0.0063716011695872342 0.00080078789123739656 -0.0029912937362990204
-0.0025351983821862113 0.0013487482651273776 0.0030888839568915458
0.0062061947636248734 -0.00054542275567573525 0.0023300043298723708
0.002751961269383776 0.0035538007842027168 0.0010906976050184865
-0.0066391215084025549 -0.0013730565528146611 -0.0060522297368191787
0.00042325864772454168 -0.003789141099780811 -0.00063512226637900567
-0.0010599203611396015 0.0065053349647905415 -0.0083192533431995005
-0.00032949059449515448 0.00066437302689156656 0.005583375895777969
0.0048181187598503082 -0.0047828145313059713 0.0032651285010999297
-0.0034145280736802282 0.019126248703377126 -0.0021133935080106959
-0.0058831100296534268 -0.0099192182649303299 -0.0025598992106271538
0.0033840844317452818 -0.00029837419228069702 0.0039496836561707174
0.0096095822860618567 -0.0016226425334666852 -0.0080460029900174812
0.0042026000140716986 0.0020978991837906184 0.00061366899436593556
0.0066192740062809693 0.0034290796489279793 -0.0070395098573769821
-0.0064672585159080108 -0.00060421637863412251 0.00093854801320859577
-0.0044877035136565149 -9.3109166944065294e-05 -0.0044835070347752221
-0.0048671409338979926 0.0069051127670159826 -0.005071866362379128
0.0082112137285599313 -0.0046273267068322336 0.001041762768000094
-0.0064845720775061214 -0.00041461192030397837 -0.0041407523778858226
-0.001109411851794863 -0.0094729171722483171 -0.00088006270523149812
-0.0037283820078559513 -0.0018686344940829407 -0.0018961785721685409
-0.0011331342647689898 -0.0019097248091849226 0.0029134940891316491
-0.0034186393452791111 0.0046673513530437758 -0.00079686703032053909
-0.0046601928829352029 -0.0044329033497408086 0.0038179543127891914
-0.0040825576756857631 6.8318634913112367e-06 -0.00060775697788455912
-0.009054991944042046 -0.00034350887454523491 0.0079820408938261391
-0.0046979171739255322 -0.0020355066754402275 -0.0024888673526346243
0.0017481950887451329 0.0079358713777036832 0.0058659859840610087
0.0020150310329398739 -0.00050847113611938283 -0.0033598532074218452
0.0034002212171506232 0.0031979516693387911 0.010108407307886168
0.00013423983813721743 -0.0052737955224741737 0.0055126725528885766
-0.0038470698759573768 0.00059437056362947425 -4.4148393002811566e-05
0.001594147411108064 -0.0083810000914901414 0.0034027425028109216
-0.0036736840692034251 0.0032311464918336613 0.005072563540299448
0.022792017259588855 0.0055847978818458471 -0.0015339510839779439
0.00092079456185988626 -0.0030855706171675325 -0.0020998154675462618
0.00043052049772491401 0.0024639792030226124 -0.00060634901648110647
-0.00029020502538155025 -0.0084844252301296066 0.0086549406965090708
0.0064950811429399158 0.0015175252202167717 -0.0019915385114579907
0.013708231816689889 -0.0015045880687617568 -0.013926965512223015
-0.011205408761118946 0.0058536526012526076 0.0051789586524202281
-0.0065576231243612967 -0.0024421681697122874 -0.017154443949818809
0.0054399140892840937 0.003599067111125777 0.010966123884654743
-0.00073430811154605508 0.0017974323890612987 0.0014540891247844657
-0.00061818441269000839 0.0020693245453048009 0.0068743273011512528
0.0033135198952975219 0.00052752792815183747 0.00041125200891376911
-0.00014362505212618323 -0.0054450848040770534 0.0004674539748288955
-0.0055283567717946637 0.0065025118760808067 0.002718759256030239
-0.0029524617366590506 0.0024557298608857726 -0.0041616397332897336
0.008804723116170466 -0.0001206259700830568 -0.005385136453354227
-0.0025490326374817884 -0.0014879625621214076 0.0063504553170580739
0.0019723452639158054 0.0041754324732759087 -0.00092072888524457805
-0.0029960147427202247 -0.011154545703381097 -0.0084175782226628519
0.0053966071555986905 0.0031388116035724516 0.0040929693853336453
0.0031711267989363847 0.0084599228560577524 -0.0075940771379844584
-0.0087368879623689107 0.0065270538818696291 0.0016530531663045585
0.0053302932001534692 -0.0043048830490657287 0.0017357024005016271
-0.0022045254573180178 0.015145324563827533 0.017751930713210715
-0.011894831020109036 -0.0041826136337552331 -0.0039314961151639301
0.040914558873617869 -0.0058775392542422004 0.0043023514280502856
-0.0020608032386093553 0.016566824644264181 0.018537836442952548
-0.030163878035898394 0.021376131966884388 0.047297192958378496
0.0027799413445288908 -0.0016905226168870923 -0.029422832568362377
-0.020079455233908423 0.0010516665313801108 -0.018718652280899192
0.046216689034783147 0.020875434029089552 0.0013498631318375511
-0.022120757726688423 0.018289540830720565 -0.019192893870651238
-0.007367847414634871 0.0069131733992953319 0.0061425331010437866
-0.022465142294102854 -0.016335780591292256 0.0063323119460887457
-0.0039409775888398701 -0.007928361239940852 -0.023487518984979854
-0.0062877145741169907 0.017839697691480191 0.0071584728712437307
-0.021929329674639862 0.0088035621303105601 -0.036866095181259675
-0.014852863389608052 -0.0022805080373256787 -0.017817966826913278
-0.0049059319939656872 0.0069117491578086282 0.010082289051251091
0.01809695044708496 -0.026317006084221928 0.018542747067119506
0.0081243269488673817 0.0016700925767654262 0.012315510004710661
0.027612771230975674 0.0013617247923333787 0.010842457184434186
-0.009459146233650852 0.0067015481989449845 0.0049703585553076629
-0.018194727547425675 -0.0016522418930337167 0.034010247979483078
0.0089929725691860387 0.015180717586591693 0.010453638383780651
-0.013800131276766868 -0.0075789346518506202 0.019417644656979111
0.012234340507749205 0.012252249174245234 0.031259714173523405
-0.017075129711651052 0.00048505444281632143 0.03775489013931236
0.0012405082225935226 0.018779068547604378 0.01735437663487455
0.01291669843576535 0.036492374559574138 0.025454034808112976
0.026355915935028042 -0.015942894064479501 0.030386404344225019
0.0012391367365465191 0.019191190999181779 0.018574465891442356
-0.0095578883962643569 -0.017386331784401212 0.022491875429784553
0.00061822811030674656 -0.014766843385516091 -0.05923107656772373
-0.0050264497978572955 0.011963872655303664 0.0023198988542670663
0.0097397428075517174 0.0032331765782267104 -0.0022149412558614256
-0.020572205791277963 0.0077630107270774797 0.016953224410222578
0.006898395434384654 0.0019362184669932906 0.013745980302605935
-0.019699973009422854 0.036888018390727653 -0.0068386779237807945
0.002213595281169648 -0.01437802281120934 -0.018835184932748258
0.014062445891911154 0.010835863315743698 0.02570719837606859
-0.019980526549048888 -0.0040504917216855948 0.0027634438821776712
0.021976783172160518 0.011587787761318495 -0.0097127088622121806
0.008016249297040692 0.024151582944531902 -0.0016134073106085257
0.036228053394154962 0.0095211023839584571 0.0024515081239867356
-0.028321819205310454 -0.038510980260712674 0.019874864456098016
0.017490275340507171 0.026881443087810656 0.016736571742179095
-0.00025797666958949066 -0.0091306052395955482 -0.014483509428407235
0.012700062587411387 0.0038262461931479448 0.026799033023602557
-0.0018497994640830932 -0.026658771810542072 0.045535770817663995
-0.00060580948644088401 0.0045795176671431159 -0.0084676236266743709
-0.026401402773267517 -0.026850020150494484 0.024464103673947895
-0.0026602303897669257 0.0027711216050542954 0.0033277913479036348
-0.0048826809145930102 0.0046204024629262113 0.0070887723470793064
0.011078363454197089 -0.0042546745424333378 0.0020505365508359831
0.00014142913914931467 -0.0011806356120394625 0.0011155269117043322
0.005951716752856869 0.0046100108940123593 0.0095886875035765019
-0.0035851613038242617 -0.0025816797190649872 -0.0021103624502499564
0.0061330460737325085 -0.017074609382616238 0.0086274625207938237
-0.00012208395832615394 -0.0052652805877095128 -0.0027995322191751541
0.0073324886560177513 0.0024696824863230703 -0.011252695095779631
-0.0062436244861655563 -0.0031555141696931422 0.0087083994291113666
-0.0052053799080691585 -0.013170580120577405 0.01370224323225679
-0.0039163248917164781 0.007170212875075928 0.0072326010326869798
0.00081930282478356788 -0.0032422209375907547 0.0021760403924805556
-0.0018789590844910256 0.012641803197126617 0.0029335733154846715
0.0030502142974044013 0.0013865479991839503 -0.0055492022014406416
-0.0011761619658003661 -0.017188020881791121 0.0057467212501549451
0.0050186070876953792 0.02162887845249022 0.0038365488625183193
0.014819860053403881 0.00038088803932772198 -0.011472178318999684
-0.0018799212849620476 0.0059751660651167398 0.006888972212499421
0.031043680936503094 0.016677600899064688 0.0017759106930795056
-0.02424496649216281 0.010068423786140803 -0.013264446397162549
0.0055411023916037546 -0.012597118807563987 0.0034337524706347274
0.00022334822123661665 -0.015784966928834337 0.00016665206631387785
0.014667081444786003 -0.020704792965600207 0.0096988553951590402
0.0060136752870529461 -0.0019804013831817456 -0.001206304529938123
0.004276737218266837 -0.0063323096948675424 -0.001596956705905702
-0.0080725965286135449 0.016028521439322475 -0.02313415350544094
-0.0097124161815707478 -0.0084816578265510898 0.0056248078872149672
0.01554620082577552 -0.0098849609598338582 -0.010848302551675435
-0.011364681911345211 0.015742095685737412 -0.00063193154881323657
-0.013999537352133636 0.0098843809886106967 -0.0016353233835678625
-0.004536828192615334 -0.028599435621255293 -0.0049783447158176612
0.018765476455196828 -0.011025130271515452 -0.01700396863587
-0.0014766816935824221 0.0022153578017733338 0.0055146810210716692
0.0079738654306165998 0.0055390747502617093 -0.012072622137365752
0.023569317790386152 -0.0095797487641097277 -0.0024775980179707908
0.0089192805920523515 -0.0046154421553159476 0.0017717938242710791
0.018768151782606088 -0.020432499209950199 -0.00038739308933052007
0.01995244415146466 -0.01853142488217038 0.0016052457765646337
-0.016267954072972365 -0.0086504062018584824 0.0024409182378766596
-0.0069929317035467226 -0.0056874237232863436 -0.010530563166035751
0.0094703967333415583 0.017845502655156737 -0.0009785832237972792
-0.025217274416883748 -0.013050559097000211 0.0048520682810765277
0.0012842546441053501 0.00048999996308517646 0.015519612150114204
-0.0022280235835673992 0.0018830766221497798 -0.012668129444822995
-0.013253665094463138 -0.003503792223278286 0.032352302057513195
-0.00067095673247959207 0.0044240090512171941 -0.0051236389667323294
0.00066981427018936082 -0.0062608611854460634 0.013355178201799506
-0.0230095740107501 0.018107605163364158 -0.0013369263772441305
0.030927100660790657 0.0048852106157781421 0.006255853884618235
-0.017594851201249456 -0.014915282284839232 -0.0035439735504511037
-0.004521256221406548 -0.0040368586469603411 0.031104493646656826
-0.011190095885780448 0.0060478436310624408 0.00039621832494098422
-0.015387938138130089 0.02196574535996024 -0.0018686094056432866
0.012846529461763024 0.0049486488480147322 -0.015185610377895165
0.0053075803304452321 -0.0065154457882104213 0.0029698809741265202
-0.0071144525519028371 0.0015840924801763152 -0.0030653184835776233
0.0082250699018018968 0.00017380472892706167 0.00083399332876646717
-0.0088319485573305229 -0.0026955421547078208 0.015730037778945733
-0.006791582218902901 -0.0068434431819629207 -0.010325930440153088
-0.014641299022356851 0.0042904869829573618 -0.0037356070788746119
-0.0031176754246217417 0.016469385877161884 -0.014229799638191428
-0.0045676184284490504 0.0027841159477199938 0.0036818215976753797
-0.0026222569156089401 0.0051600409770711344 0.0022208297301178825
0.013512367503765776 -0.0046627135818270533 -0.0036317592568736838
-0.00042121718371568393 -0.0096943279114012435 -0.015574685369944812
-0.0018690402266674242 -0.0046870433969575199 0.022429833590175457
-0.0093728098556062778 -0.0063216023422613564 0.021195756701381307
0.014595245471989952 0.0102852139405524 -0.014690596851808426
0.018996844775920632 -0.017420536418934946 0.00068461898921447575
0.00338585123784954 -0.017662227468778487 -0.01355990722992775
-0.0046213852648515118 0.019159835937405879 0.0056128236005790234
0.00053505918136636296 -0.016674691977294522 -0.0034510789144706032
-0.0015072295820587897 -0.0047328959298470743 -0.010396686778781358
0.0145146577230901 0.0099593227968682498 -0.004535288591605121
-0.011085282232615882 -0.0034679080403918578 0.0064469991692230229
-0.013998171309505038 0.0035903225948635447 -0.011175472049426479
0.0003369052527054375 6.1097888398286022e-05 1.3907451609406705e-05
-0.0083649410541531705 0.01327967146065142 -0.0028289448227797089
-0.0026103463995784228 0.0059666203247559961 0.0041533622126574167
-0.0068245505106375457 -0.0027262794734511922 0.013174467322286474
-0.012959813050591797 -0.013470087030976722 -0.00037863569003912859
0.0085157005174753605 -0.011010916098149312 0.010904563165706874
0.01423700219993959 0.0091560249425792963 0.0010680853198943331
-0.01169512877550276 -0.010700616497629692 -0.0072387561840727994
0.010911715840421098 0.011524334900727925 -0.006183614673978266
-0.0073953803332063072 -0.011489479833989244 -0.012914820999013461
-0.0063332021464565938 -0.0079054445960911688 -0.0025503330694651681
-0.004513642652430567 -0.010902692848858595 -0.0083196643010462999
-0.00099038839762848139 0.015280408087934896 -0.012670941899106721
-0.03390975202093291 0.00091647397772603057 -0.0019448377408851601
0.009177444012366474 -0.0169052162520992 -0.037033487919473744
-0.019326846233531175 0.0076033654172966746 0.002516940462354917
-0.0040741551039442181 -0.0072331817601146526 -0.0074005177213670136
-0.0020693366955754919 0.010071710428451943 0.019474966563919383
0.0094033340008436248 -0.0018645333652693014 -0.015171118007818975
0.018032569578508007 0.0082740659015037975 0.0067095363525722408
-0.0040342071804480547 0.0053531370647915315 -0.03792697808746754
0.0077994837381220863 -0.013314280811655902 -0.015895125309043048
0.0091775810394342568 0.012280327393383873 0.012263764069317899
-0.013244859755218755 -0.0045538642839568965 0.0020118149903163608
-0.0054289274142197081 0.00092747007551401584 0.0041121979568006402
0.0069230378474431078 0.026134821872922948 -0.006080158052667841
0.0090121910676138669 -0.0072187938260492562 -0.017764658963756379
0.0014484252454731858 0.0090098538840971323 0.0017329748761025464
0.0089091392407918673 0.0041807537969637725 -0.0096192041192216422
0.019697708611233017 0.018043578141312581 -0.011749900338753113
0.0047093408040978493 0.0099983154660588294 -0.020261223493978919
-0.0080391698454611322 0.0054979295026004365 -0.0087642090269916314
0.012564182667744282 -0.0060303487384480393 -0.015783567341409396
-0.010345369213208127 -0.0024918713198884652 0.00037890010031053228
0.012704046353083413 -0.021740245068130475 -0.031224635688632926
-0.008914839690398484 0.011301991510764281 -0.033246660760102485
0.013574635371294231 0.0092742789003798978 -0.015338716203496219
0.0039369677266642969 0.0051013964292822402 -0.011760514682462777
-0.0017836248187501633 -0.0015613913190114608 -0.030696829324564075
0.0021235963415864442 -0.010547526183956804 0.0044252079875797858
-0.017407025080828628 -0.017960042420060041 -0.0042078051611607013
0.0042122661383684956 -0.0045557085829344797 -0.014781853509439887
0.018689073088267831 0.0029987848328520252 -0.017766504001954366
0.018326383413518915 -0.018456673590113364 -0.020690316305140424
-0.014967281292362038 -0.00069510013386061664 -0.008644047776770216
0.0061865714521139583 0.00041733939668624654 -0.019779139076127796
0.00068679763502675541 0.0013199175026276807 -0.015034344854449478
0.0053375768879379169 0.020757078087296519 -0.020097005912956181
0.012874620862755799 0.010027930653054006 -0.011247553858891653
-0.011695485783341219 -0.010977638366222059 -0.00089321834091180333
0.0077222841083208196 0.0069937987742033263 -0.0011461509278411774
0.0074308044211410787 0.0049173532116940019 -0.0038014381194889334
0.0087729533540729359 0.0080384546652518245 -0.010383561073526875
-0.0023957038262757144 -0.0050971602741411532 0.0032428617679484441
0.0062228404008196061 0.0074650403550863597 0.0012570419282981367
0.005388870665618716 -0.003131751193735789 0.0088478423608843483
0.015510906658727145 -0.0021385583486193847 -0.0041845697722316215
0.00013734100286299979 -0.0013083216042884215 -0.0005131797700860494
