0.0037054495365665442 -0.0011998819896128984 -0.0013645782933455058
0.001094592524076565 -0.0026780916060015064 0.0071194451490389152
0.0017557575867127339 -0.012762050546953981 -0.0084986210567027983
-0.00015361205997337283 -0.0097491513816949614 0.012671106187221618
-0.006395737439053281 0.0015833261907041915 0.0012783570153303107
-0.0018111946130698784 -0.0041369414894054692 -0.0051011843058607099
-7.6444775105787214e-05 0.0099808290417288115 0.0014600919331444542
-0.015981115263956163 0.012607872239534662 0.0070605742550110297
0.001226643475424992 0.0018792848249500199 0.0018982936191316978
-0.0072765669159253026 0.0088329421203156618 0.0089750039344387855
0.007065834817482932 -0.00070582745610390716 0.00082897804490727686
0.021576168279124553 -0.0054995949035966489 -0.0058582541154377056
-0.0096358809966892722 -0.0039034664893482836 0.0030214776681009147
0.0041144191569115023 -0.0015671879082293678 -0.0070347508321030525
0.01793113519629487 0.0067100519535210736 -0.0020346158978655419
-0.00074319561816096392 0.0094158740814517996 -0.0072222458038449268
0.0027482334737148374 -0.0053548925867192218 -0.028512471551808947
-0.0056952959366461074 0.027576376836243692 -0.014315907161988887
0.0071432341560414246 -0.017046380504115284 -0.018675201621823342
-0.01086543840746736 0.04911710654234204 -0.026885243078663943
0.011734304640248848 0.0059807325934056153 -0.0029454363673450763
0.00047145980725337724 0.032918982283599664 0.013653184112007104
-0.024443970864829346 0.021898176537946082 -0.018981345929144789
-0.012528670907897124 0.00037425072367624357 0.00020976074904506886
-0.0007891528364398217 -0.011926188920032183 -0.017931112737484385
-0.010844367242830557 0.001542891410216821 -0.031405301001529821
-0.02274779745327828 -0.0020823009558647021 -0.0037567793066897413
-0.002723220353808193 -0.0062119107057666996 0.00014844007749864957
-0.0034477228292235096 -0.0028681112534618691 0.0058265209187372347
-0.0040980184947268898 0.0062509785496217846 0.011659687428637978
-0.0065481954619388827 -0.0044723335271737111 -0.004114790440847782
-0.00019389754034364085 -0.0083851638048797611 -0.0051804445894021219
-0.001851191970016061 -0.0081400134108045759 0.026163172983501039
-0.02241691439021851 0.015002075697926928 0.016657340875285118
-0.0014740168907724338 -0.0043586686798426488 0.014528966523594509
-0.0057777316475198688 0.013084565445048244 -0.01451854881743575
-0.0075637422777652891 0.0065847190968522087 -0.026785171116586688
0.020407365249403505 -0.01012888034589618 -0.0034616623780265691
-0.0076747415494571522 0.0028526867488636999 0.0041161477026577875
-0.0043408142749500602 0.001983981999535589 -0.0051427844128945459
0.00080467482602940266 -0.0060334129104168696 -0.0030748183814962964
-0.021695091032012625 0.038270293847242669 -0.027230013772613838
-0.0069091693703456428 -0.022048023263630992 0.012309272252012629
-0.0041368980905765939 -0.0039850884100515356 -0.013436039716461737
-0.01181926753124945 0.010736040824898874 -0.012868091441332023
-0.0053738227933844435 -0.013196800511089466 0.0062739226994812415
-0.017478767816428181 0.00087315089275752909 0.015749510646111308
-0.0081458173546765829 -0.01690011071323623 0.0082108755931247692
-0.0034791223636798062 -0.023264761156619886 0.0052811731776012992
-0.0042699078188636677 -0.0054334311804974597 0.0017228653985038814
0.010584849937289411 -0.0034622654311871476 -0.0096878823089520359
-0.018362543221491296 -0.0078400662914901997 -0.016240139477199739
0.0066349906117490701 0.020658728729327787 -0.0082286967270194834
0.0074266792156679135 0.01933004373779422 0.033417178524540549
0.011091892112088556 0.010716626331176137 -0.017403466884969115
0.0073090953301804349 -0.007966620942306997 0.0093056304390364414
0.019254188065750532 0.0012668643684876323 -0.013884212313824029
-0.00072938271263467348 0.011229674795956154 0.0070132468024883422
0.0007155540166995857 0.0011090460569486461 0.0024253730218721722
0.0054712818572573325 0.010625281970795519 0.013547224564239789
0.023063150138210659 -0.0049199224906975765 0.013003965052979776
-0.0076207295556680373 -0.0022773702156027413 0.0098463891027404677
0.00065584351628897981 -0.011369702650447098 -0.0035081235810707468
0.016891658014652717 -0.0061726181604596494 0.0063738504538209638
-0.024230772474433188 -0.0067068688638338043 -0.010484397078266827
-0.0052745327052592089 0.0058652218590950992 0.0017382492654108952
0.010904044579653386 0.0028174470891171519 -0.026569446228765069
-0.012892484941558174 -0.0075307131963415269 0.0088614837139239407
0.022526016800547905 0.031735162322837539 0.024240558216963307
0.01160092214697821 -0.017835004854788911 -0.018395202178539218
0.013930679867152214 0.011952833313392365 0.00080282732191564246
-0.0051656287281057625 0.0035041638076076347 0.0045724710624872895
0.0054373149984558097 -0.012343999717735362 -0.0049984734219693794
0.031992009529079983 -0.01414246417694417 -0.015674944304248966
0.0026733789195936188 -0.0098146043230464674 0.0012809229004648944
0.0078307721625462297 0.011851291751682707 0.012634464871805268
-0.019090678160733746 0.001267041440044444 0.014456126652431026
-0.034265157781074224 0.00088472475908344284 -0.002201010547556375
-0.027332001585961441 0.0082693759519801707 0.00800024140083677
0.0051477413033204286 0.032678052795629145 0.015920351279618522
0.027506795961670136 0.012789802295833125 -0.0050548554749205686
0.0015394750446158197 -0.020994096501514681 -0.010007095556320539
0.0015062555727042967 0.0049421819180585254 -0.0066739446237094185
-0.00067424567821040946 0.015469854099229442 -0.02049608448847787
0.014323897788121005 -0.0017280806587696117 0.0055249817066146678
-0.0023695896828691164 -0.0013466319448484062 -0.0029893120841731347
0.002144279648959082 0.0020525903741340167 -0.0030195291051499824
0.0032841017554353456 0.0035162171379261691 0.0076377011693082334
0.0056450428782997188 0.0061499029884833044 -0.0025713099641200294
-0.0035957093455432536 0.0049232057812533363 0.00099387287465000848
0.00042920532602125588 0.0016631805399065693 -0.0052295386523689364
0.005270965513956739 -0.00088773389678007081 0.0023658582161151798
-0.001454882753541412 -0.006276346258979419 0.012380602051186022
0.0028946679879827187 -0.0024731700537664394 0.0013575208462028795
-0.0061177956293059048 0.001990614870710838 -0.0025608175469540198
-0.010229215343585101 0.0041053340013341016 0.0048315633531434109
-0.0027304186172131852 0.0009719673366758581 0.006454408160893473
0.011400746980647641 -0.0011674343329187635 -0.0022684417958975414
-0.00034117436232553402 -0.0061499300963463958 0.0061973331042382909
-0.0022296421628284664 0.0013016042131225244 -0.0042090533882078677
-0.0031319399963075749 -0.0013380384430699598 -0.0015942451055964311
-0.0047964901265871718 -0.0034597230221590997 -0.0068725472118278969
0.0010396238938484318 -0.0017483502563693833 0.0046269437934707766
0.0039081185663092845 0.0003327992721204503 0.0044355893973189522
-0.002810171585358831 -0.0036241574196503659 -0.0067607824542607574
0.0044347942158861411 -0.00035130882571985056 -0.0021364100879653148
-0.0052037856284088873 -0.0076296329463091178 0.00089654683030700524
0.00075854590112168596 -0.006017303403805495 0.013168618542730406
-0.0015942256673655954 0.011047769725418342 0.0025833893780594867
-0.011414662872984795 0.0058761861138348767 0.0097639292073932217
-0.0044812221195732888 0.0014975223892342146 0.018389886580002533
0.0044105200145726758 0.0030730874096238227 -0.0012866329298712622
0.016666652247715758 -0.015694691536866444 -0.00068899528180755296
0.0022648715913800715 -0.0013305651715329932 0.0059297772792950218
0.007886327783131402 0.017486994445779232 -0.0073479082724233289
-0.00026663657545166288 0.00038909398277129763 -0.0060734712398485971
-0.0050133878474318367 0.00084506423449982372 -0.00056746664726954436
-0.0020249455296192974 -0.0026534872452861416 0.0068615653207730783
0.0062804867896965322 0.010147689553030352 -0.01253414072278343
0.0093788451366960159 0.0056976020048726487 0.014772295593719311
-0.0051830075193177328 0.0023720203133632302 -0.0032191700713600606
-0.0057482473771723391 -0.0016986611766557783 -0.0085860681534463273
-0.001061876417304958 0.0045902264102505447 -0.0064491293373542587
0.00044744776075172454 0.0041349740044778968 -0.018424128156008274
0.0031105603839881243 -0.010518547400366727 0.015236837991806959
-0.0052513200282483102 -0.0092383007246190137 0.0044174777783425921
0.0056338019114545949 -0.0051828305219849677 0.0092745399589150169
0.0080220737227004874 -3.8291957248092556e-05 0.0048204394114807524
0.0090735325926121022 0.008873495416005607 -0.007674210576443706
-0.0010349275963041067 -0.0012633763625967943 0.0022827077508584597
0.0058504808248036645 0.0078978407675246963 0.0023691197107115237
0.0057270673408179353 -0.0070899615161869236 0.0053593194525087852
-0.003530308663228226 -0.0030909430470032148 0.0014969509006623517
-0.003624365653070883 0.0014157385795621805 -0.0010560923580180334
-0.001328312023623879 0.0041060989011398943 0.0052485135234825522
-0.0037632418970687969 0.0037912424586480243 0.0082745553986320573
-0.0047360928339452782 -0.0047266974103081522 -0.0068448272928854654
-0.01359080085841638 0.0019517690785108219 -0.0026423192997368241
0.0056262086452053758 -3.5520726165268303e-05 -0.0080970762525121517
0.00087066042784972298 0.0040555264178485347 -0.0032161415595879611
-0.011517337722514492 0.029407877960071178 -0.0023824648511561186
0.0011603190313141114 -0.0032719914486081542 0.0037307873893685523
0.004562102275417799 -0.0020415741289557953 0.0014761164351282231
-0.0041984711724821376 -0.0025238617882922944 -0.002569038313834939
0.0063990625682984956 0.0063453097154758005 -0.013038371116185664
-0.0050929320215770714 -0.0011166835196117905 -0.010171551632900672
0.0011315700025012127 -0.014801815316631337 0.0046188915642562728
-0.0021544621142254566 0.0014428286836217635 0.0029231837038365656
0.0019767868014351764 0.004580921816232866 -0.0099684278862085043
0.00039058120961855914 0.0022572038350776656 -0.0038589100601393454
-0.00010806162995567356 0.0076346860282167335 0.0038473644935113106
0.0034989868915999262 -0.0072410915653808219 0.0027851111454668099
0.0056266516398074725 0.010010694479781868 0.0042732676827123839
8.9800708943839222e-06 -0.013200382647887169 0.0031837122108608652
0.0034501997468173572 -0.0010389429136709832 0.0014735730656957689
-0.00094719037236206717 0.001349488987277907 0.00059192613244216444
-0.0016198596004424555 0.0016991658261958406 -0.0046217825127955019
-0.015958161468877043 -0.0025920641243967635 -0.014374228967695883
0.00060788390268687407 -0.001239494814138967 0.0001936036656218002
-0.0026705369053653932 -0.013382914934459625 0.011387687814995112
0.0041661254872289522 0.0094569816508991537 2.3993060494510828e-05
-0.006554061771631892 -0.011134318245612755 0.00085714563957683346
0.00035756411463882284 0.001385088550988849 -0.0011127764747512706
0.0037817796819798691 -0.00087837682739784126 -0.0004841156310400746
-0.0049821592424584117 0.0040945621820693105 -0.0059412443710405412
0.00010200562127134109 -0.0040374532513409887 -0.0044805021605785591
-0.0095273800042305831 -0.013549621226703359 -0.017188376199303829
0.0086541754479700552 0.00017176054221151356 -3.7551059499447483e-05
0.0069535968218344332 0.0061326158862204192 0.0067777680851272767
0.0039235372648247042 0.0006368254578367436 -0.0033805766384688647
-0.004375844622804514 -0.0012420119333716433 -0.0035297332723821587
0.0023662138668397795 0.010056213938735532 -0.01401177787882325
0.0014659923700420664 -0.0030469091056587981 -0.0019758407252294177
-0.0041446797714976315 0.0030186567112829169 -0.003101859080415366
-0.0069138129458395751 0.0022833428558939779 0.0030738831163021792
-0.0012634557981757134 -0.0043509291746386021 0.0047102840310136954
9.1001590241470464e-05 0.0022653748494685156 0.00096237918612681716
0.0013003787209256554 -0.0079815852982590228 -0.0016826535402623521
0.0083200364726573398 -0.0063835807459553147 7.3928751245701973e-05
0.0045145273181564213 -0.00090570001432828992 -0.0038707790285775257
0.0032207996525448913 0.00088215233348399029 0.0073826926587248765
-0.0090246887537045531 0.0057882174985270044 0.0074728794095529783
-0.0025188044756799637 -0.0050514483007092744 0.0068165750137847824
0.00090076273634583938 0.0062480882353171951 0.0001098604141190618
-0.019655698624111761 0.0030217228021949538 0.0062081019883392921
-0.003378845105286965 0.0077485689337082712 -0.0026844552778752598
0.0015894513688876576 -0.0020019038664023329 -0.0032761822578883963
0.0017097098654750447 -0.0034754774554213034 0.0037710979632035501
0.001629743359144916 0.0027202552662494574 -0.00630944808888248
0.0058767527889487473 0.0022264979838364186 -0.00048810844411743826
-0.003142651563357155 -0.0019970622260208461 0.00089867756315048508
0.0010313292760971207 -0.0021889508630999156 -0.0079672871836926791
-0.0010718121481965977 0.002355476397121116 -0.013269143360376606
0.0028172181135488472 0.00057045810982903425 -0.0063624633291452411
-0.00075940643377427086 -0.00089469313532412529 -0.0014505276821590342
-0.00039257625343365655 -0.00031310600037010521 -0.0047715177088883849
0.00021600747862319606 0.005987264965686378 -0.002976154936425549
-0.024253644804196717 0.0095066285643584207 0.0012851324497707107
-0.00087091730797567006 -0.011818027394828356 -0.0066788212552647899
-0.0060393561259883127 0.001966995665496843 0.0047703664560787215
-0.0019717207346946156 -0.0008028925132467353 0.0046323225387442449
0.0043954843537171804 -0.0020091482535869016 -0.0017276947949955109
-0.0055248710046538734 -0.0039325161017611642 0.011258154700004606
0.0039898379673691114 -0.030981204611986279 0.0016161354474679094
-0.0019799171764232184 0.0044526711895011405 0.0014076571580839354
-0.0042494930373261214 0.0056168401323601251 0.0079111193918403374
0.0060917968686506714 -0.0059503170922597564 0.0019552425957100571
0.011891733670510028 -0.00069361085269742764 0.0024117069947411588
-0.0019227409854248637 -0.00011524303270993637 -0.0021089268665325303
-0.0046611476609343446 0.0054772287499032374 -0.0027665949081509787
0.003862388997955362 0.0094077922789368544 0.0049242406609259961
3.8516997643147301e-05 0.0028225565154161181 -0.0011211223936178343
-0.0051133369878226661 -0.00036960153216879877 1.3619305586743755e-05
0.00073598443752824374 -0.00033612777268476364 0.0011997891668815396
-0.0030416582154136618 0.0009148422304714475 0.00062168458285433333
0.0031880765776492689 -0.0056743056660364145 0.00090629164409167977
0.0024228719836957664 0.0018834765539576855 0.0034052463025466316
0.0065669429656797932 0.0054689484767200128 0.00038878541853895479
0.0012459743838208438 -0.0059545773057103875 0.0010679305495345894
-0.0028396918877099464 0.0030411864750876684 -0.0011039860434014191
-0.0016516784668707595 -0.0028252431691835264 -0.0010914885705969376
-0.0020492863005488202 0.0024246198239455457 -0.0046645323654251874
-0.003125548236215088 0.016489413467069787 -0.00096229763951352978
0.00097560105004812297 0.0093916717920822373 -0.0045401677141390625
0.0074843038887117096 0.023657074864787547 -0.006530265921633898
0.017567245194871493 -0.0040102142104272397 -0.0071320369934261621
-0.00049924550080193936 -0.0015216478790712759 -0.0028646054225228827
-0.00011824468379742946 -0.0052340428694872525 0.00012983114121096868
0.00019966152454434208 -0.0077170647274636432 0.001421706998549049
0.0013103399889018731 0.0023832674857209276 -0.0081256004831684985
-0.0043184157080265019 -0.010769391945890794 0.0045600704680513341
-0.0031121406472982794 -0.0016802629573879665 0.0008047625266120659
0.0016342513069922948 -0.0044973758477070561 0.0081534486543203399
-0.015610236547553381 0.013309647842975399 0.00049512552229926537
-0.0066519334763106598 0.0055137592524668174 -0.0037296474714199317
-0.0025904465689343924 -0.0044484356199284095 0.015597363919316716
0.01142488171930744 0.00084014335574639231 -0.0079498981983235108
0.0030498230481971148 -0.00015786628500546839 0.00071851416057711981
0.0081514818469823527 0.0078153554830351669 -0.0046843790019066248
-0.007336785707750676 -0.0020525800522460599 0.00043079469636395475
0.0014892167157231201 0.0017735984308359873 -0.0026905404041432813
-0.011023263762950212 -0.0044808998365798896 0.00015671853022339703
0.010869720752402733 -0.0056463706885539148 -0.0011350048720840575
-0.014270764687125938 -0.00080495159666035636 0.004304501249762659
0.0052283846859649159 -0.0064148287288558412 -0.015948829704330449
-0.00063515410291302096 0.016631114778931498 0.0036191906811774456
-0.0061638888498144924 0.0020061204590531168 0.018594554564480035
-0.01494979932304966 -0.019288969344135799 0.0019645803218993445
0.0097649183639979299 0.011805768147953775 -0.017555732206088422
-0.0045434792475212878 0.0082194587827146906 -0.024867509836209473
0.010964456333971296 0.0066574741192557321 0.017672961043935082
0.0043275473622827916 -0.00091782506375384296 0.0083258574508465084
-0.00028010087502701128 0.034090204316622637 0.00019677658445762649
0.068553711977620058 -0.016880347356528737 -0.016293903660628911
0.029828232392449607 -0.016632331052349968 -0.01112886791829441
-0.025262601560948315 -0.036444919514366604 -0.00060019726318990239
0.013505965145129053 0.0077317127940887166 0.021521221602483435
-0.016720640439677002 -0.0029497372362069854 0.0005803954499703258
0.0060111012396874899 0.023560470771962008 -0.0055377674155196212
0.014174070352346319 -0.00033538420130595209 0.030906898336119811
0.0098214344503719068 0.010741066109558592 0.019589880614646674
-0.034152697481327654 -0.009266396901676504 0.0084244673969792565
-0.015443778883672089 0.0035529040440166245 -0.0038518826567387164
0.013692466480785353 -0.0047631801747689308 -0.016214510544186506
0.00049373098069697605 0.0044448709359771743 -0.016176061736679917
-0.018263255275810707 -0.00075575716631139783 -8.7581430532324812e-05
7.5086033024839759e-06 0.0064120806809429415 0.032565324965599822
-0.0072156275174893487 0.0013155914158342955 0.0022877335235632242
-0.004481827940431362 -0.025044752576368338 -0.0035406948437186024
0.001147353024812142 -0.041103363553666894 0.034731996392999474
-0.010413835122394754 -0.011017098893901449 0.0041957539261285974
0.019483617745422063 0.0045723022307115405 -0.0060895272213436387
0.03886277185136771 -0.018201230994380917 0.036786585108251744
0.00098702843760661483 3.5501075277142502e-05 0.020885050362255766
0.0070946653509471498 -0.035088929467146555 0.00091583185187491672
0.033150673337052461 -0.0011391183364931959 0.013409858687315031
-0.019879647307763874 -0.011437183804421831 0.0078263105203216186
0.046596510464490613 0.02122745937283143 -8.6021598779802117e-05
-0.006199935150251348 -0.024964756337229138 0.026818525520006697
-0.0061751053772264551 0.0090310788605642914 0.0015981572236686246
0.024649297299819756 -0.018217830347573977 0.020771628779801987
-0.0065186676708555323 -0.0076117201928951918 0.050673601589863219
-0.043140041545352059 -0.026606965485111302 -0.04279785264670144
0.063322258564683473 -0.015760957880495183 -0.023753526753699624
0.010510204667796827 0.0083663422073864645 -0.025269220322093843
-0.026012430434325277 -0.021638276062066624 0.020117643888025182
0.0072724354432274919 0.040073916574888346 -0.013716300988367534
-0.0098281698466278801 -0.034243791500827916 0.040021406769725064
-0.021172503795775614 0.026938068453711408 -0.041538117401181469
0.014110142322812134 -0.003179014337474472 -0.013800016108354868
0.023598385332289928 -0.020776155053906321 -0.0079973460508361294
0.011922947656551809 0.00064776920317694182 0.0067771669849164481
0.025542224681857833 0.018336154006994444 0.0077711638093767611
0.010540979092926027 -0.024878060884731615 -0.014952405870376922
0.0097336036997784751 -0.006773024406163005 0.016577817361173447
-0.057308393934760705 0.0054515506117902967 -0.0087595754681603806
0.031835676871665303 0.012841405494997861 0.041728542809191929
0.057073163489000378 0.0075490648818782036 0.056911278380939692
-0.015702676771044581 -0.011616649122330167 0.040992398291771183
-0.055945159062239437 -0.011685750232660164 -0.014736214705514266
-0.0019238474316221439 -0.014540801123108703 0.011400526039522341
-0.008944789659788295 0.0042600618621569594 -0.016680658120578427
0.0072373427509184081 -0.00600921248949721 -0.0063616408694523834
-0.0021247989645255365 0.010249133454287081 -0.0028768207398119187
0.0064868002209586308 0.0096862517822031494 0.004708893915989696
0.013388572687369708 -0.0054117618966693024 0.0097353954496140239
-0.002396412714530758 -0.011187458361953749 0.0083110874553553628
0.013186851889606183 0.0090247724954096512 0.013906469865572538
0.0033841096502739872 0.0061516872084063437 0.0010242450635572662
0.022065599018925856 0.0094218907343056463 -0.0028820370758220783
-0.021168546331477394 -0.0097055356837792549 0.0094344804242251119
-0.0018211435842339088 0.023042864192988937 0.018167893246494319
-0.010578002244850154 -0.037311499474876504 0.012437255659974753
-0.027311028922424384 -0.0078289023279640921 -0.0042990399937936873
0.020336228282638567 0.0066853383100556954 0.0040234151098389424
-0.079096568914912957 0.033440265427021394 0.041496570812596958
0.0088119476387665992 0.015836231377293203 0.014435662637009822
0.018747355558248992 0.011310303871060891 0.0087252289625473073
0.032193296584690945 0.0025691035783138375 -0.014584383832350663
-9.1507762300782817e-05 -7.2039070777504186e-06 0.031856415437485873
0.0030846316466389238 -0.015550559854363859 0.025501825637338358
-0.0045625311800430966 -0.021520495567850427 0.0071119309911453384
-0.027897131533766068 -0.011902259967745361 0.017694207518171749
0.0015782321465694184 0.0046647630809970378 -0.01674874334704848
-0.015382440545545172 -0.013045521040028533 -0.014251165034197846
0.020525130212789889 -0.0070688624223948296 -0.014837569425625859
-0.030971327831992843 -0.0061978631904209998 -0.0076751813196646833
-0.0014488086138135343 0.014809596291335318 -0.003201243482899515
0.024717602263881051 0.0033528617749585266 -0.0080879590080239032
0.026007042291109079 0.0076124695439084566 -0.027816738232933506
0.0037059549531771215 -0.011953009619722142 0.013691722963254247
0.0012846086378213056 -0.00092441924323054768 -0.0049052000950764044
-0.043497986125402524 -0.017294577558350406 0.0028259735950336654
-0.018733347871202354 0.036823450782095667 -0.039686184675480428
-0.023627178048193736 -0.021193010729095567 0.041728880367088252
0.015059759053436237 -0.011711365280124912 0.0078831774434918143
0.021718128376123743 0.009502127870182335 0.00026086260593641622
0.0048756573859279791 -0.058649145214256092 0.0068059680232629878
0.028497238381007196 0.018766930773751918 0.020637120090735737
-0.0045426459323813471 0.014062426343005842 0.018295684938127912
0.012536109092775614 0.012254802669767509 -0.0074815704852196317
-0.019191621374983845 0.0083310942803878421 -0.0056666851323134183
-0.007454686488019318 -0.011445260943050393 0.0041239136726452172
0.027126707079650248 -0.013182527141253363 -0.0078408499257313462
-0.0031838837597214335 0.019279579091291084 0.0048392349867269098
0.00016086897491372399 -0.00055694523951386142 0.00069184151250268125
-0.0076257162645066677 -0.020649438678830005 0.034053565650325017
0.0061293423140286359 -0.0095922056514187656 0.0015006426740592528
0.013562380646812689 -0.013556369857473792 -0.0053667205845340203
0.0019835012596845225 0.015477121932193146 -0.0066434045084164083
-0.018159096547650383 -0.017391141720634232 0.0044683396878791616
0.0010038943538153466 0.011822257838148983 0.013461805307726064
0.0024093864443131309 -0.0025631591017523034 0.0022282429433852537
0.0040746785505380474 0.0084008632484265863 0.033336447486453709
0.024273095318319594 -0.0017725919851135849 0.0022178011473730393
-0.014164529478604967 0.00030091533426172134 -0.023665658180564073
-0.01339137861299634 -0.018424799325125904 -0.006787652167026207
0.032580709823748499 0.00061808360487884001 -0.0079869404532956177
0.016332839686478712 0.013946751447649335 -0.020521619253372928
0.0034619383029544822 -0.020633658435767969 -0.012668890503044771
-0.0089367747355338124 -0.0055670826576065258 0.0074001776630466393
-0.010363108334586101 -0.027236033704368549 -0.026747057499983472
0.0006448893224230872 0.0029621312621533405 0.027520606580734103
-0.012205399468975236 -0.016252300824545214 -0.029988082132989532
0.0084670470362300972 0.022381100881245015 -0.0072857851566553132
0.0029134023577918992 -0.0122660646485497 -0.005904924417030815
-0.011309339241005762 -0.012976843208513965 -0.0095118408269232561
0.012494008335196888 0.0028653998598434163 0.01625471065359162
-0.032389120011281365 0.0087747126032021033 -0.0012517333673551824
-0.012737621823022651 -0.0030802845593111347 -0.0037567225674749564
-0.0082727021616547623 0.019853635597352176 -0.020622434159900917
-0.0052823416292543356 -0.02042060288697705 0.010548869939613185
-0.0087309261000486325 0.0060972391631766917 -0.0079027368831522636
0.013395043779214227 -0.014471607939961023 0.028803891122341638
0.003667080160059167 0.012239195327643004 0.0093291935397067129
0.015513479414346599 0.03137478794721555 0.0052614616402052485
-0.011323137649187225 0.019634532887085686 0.0094941793239347906
0.040845450441407159 -0.0076152354612766468 -0.0013432755182566057
-0.036399119410004691 -0.0036782215350305639 -0.012075303248287431
-0.0083919797193764932 0.028449463515888191 0.020127005620121322
-0.025158713439349539 0.0070193647899946601 0.028125254510683335
-0.012261077602711019 0.019375288507915873 -0.024664446100454786
0.0062642288237551996 -0.0094775160035392644 0.0080914380135953153
0.010523830316302642 0.013037044187428008 -0.017630275073421058
-0.011943685387590313 -1.5810228887504154e-05 0.0048974400137777284
0.0013937814002168562 -0.016174515899044846 0.01797656322575818
0.0040320642401385672 0.037275299028390114 0.0079067063339981376
0.035083583459084265 0.045132549786810451 0.0098069406068435235
-0.003882697231203585 0.0021548622482698426 -0.0045880768306891129
0.021211085984460327 -0.0061207734388587162 -0.012687383146916083
0.012381820115985886 -0.0043080755239708335 0.003866720147769509
-0.030557685595355249 0.0082000770388982389 0.0015416107307657696
0.0075880791846855387 0.010035735709149521 -0.056455226194002527
-0.002019462247910369 -0.0039233079796491543 -0.0043397405146412098
0.013286299892377344 0.017463255447030153 -0.015910165083746094
0.001379773131423064 -0.017806049790551746 -0.0056423008658288941
0.0019367804142214234 -0.0054113443509474571 -0.001710374574253281
0.010339636997768912 0.0021598242889176236 -0.0035356199179651902
-0.027258055017706038 -0.02174439101844295 -0.018365049993861359
0.0036219423007137989 -0.028633854611448066 -0.005528118941672152
-0.024951669879846049 0.0067016599743938213 -0.011963116877676903
0.01344624763544747 -0.0081494940944973407 -0.014492340317281718
0.0022524462688050702 0.013455237763144924 0.010694245181111815
-0.029494255478388142 0.0055037110826923336 0.0048939372300569918
-0.016440643320215755 -0.0058672539286582122 0.0011569174022604493
0.0024151359325317451 -0.014072262696934588 -0.024942608618498629
-0.028127385953603434 0.016502978339338337 0.0051861692369393926
-0.025320611376062296 0.010077436032431768 -0.015286973270718606
0.0021802640335183594 -0.012822780299747188 -0.0017690733137487973
-0.0037164894523397767 0.010758572170301704 -0.020021974495935801
0.0019391626553084023 0.013902848975016625 0.00028490668879381856
0.0080858278873465785 0.0070987181293749105 -0.0029938283196647535
-0.010050194555917404 -0.0026265068874999839 -0.00047903500793314291
-0.022527340479696453 0.014074794087488192 0.012333468164522177
0.0076680476321717601 -0.012684204020853719 -0.008732299333600934
-0.002613149055997562 -0.046202178368678286 -0.02387062398151887
0.020827293172564838 0.0018033133750639842 -0.0030960034909690778
-0.001013773886896493 0.0065961949765503333 -0.0020154332759121404
0.0069057875836648942 -0.018191466956729879 -0.0065972424839059012
-0.013342901749845756 0.00082901366476811217 -0.0087654610152330115
-0.0083904618439139787 -0.0085331055929760632 -0.0019767969754290425
-0.0059701400058608974 0.0070769069520926556 -0.0073426006373322437
0.0070222151817964963 -0.016242411832750166 -0.018620497437346509
0.0079753193979428035 0.033158737337835649 0.00068249703727183211
-0.012164817492142665 -0.0050765863951099527 -0.05293323335128141
-0.0032507275203726115 0.0052109133766079993 0.011767730778365352
0.0066826568325399462 -0.0053867506149561928 0.0019017354222692663
0.024531334128163097 -0.011575507276484258 -0.01166787772619168
0.015696795910506326 0.020676178021740863 0.018450521974798833
-0.0023973572530715023 -0.0077965542006595071 -0.0062736113749154686
0.01253047931009026 -0.0026192503032519618 0.0055152965911813602
0.013612781770701732 -0.0098478020798958357 -0.018372321578889874
-0.0059972976746852751 0.00079565531519857843 -0.0028737434533781213
3.8379094753491152e-05 0.0093897561739877469 0.0098540081694640271
-0.0016288464421281396 0.011307886130179627 -0.024024889853308303
-0.0047500219045327995 -0.01273098566520605 -0.0017567220822363224
