-0.0081982623875162548 -0.0081188143713927553 -0.0019608041357114581
0.0042890241392737009 0.0063407150209858027 0.0017391267046302208
-0.0041783782748519632 0.0072046505645978467 0.0083039588263870822
-0.00030408052340106135 0.017449748507248029 0.0072812424420808253
0.0083639036826954078 0.0027541293268900191 0.014071140630948617
-0.002721568846351293 0.012428045341551425 0.0042384637759094995
-0.0016129246687986135 -0.0041198590037556148 0.010928221332437883
-0.010408886337270004 -0.0028593574451816696 0.0061647146063167346
0.009705901066250763 -0.0015550861513294397 0.010000308290240177
0.0035907282743520464 0.0070901909808352504 -0.0030169983901335057
0.0025294211007662799 -0.017206521116281865 0.0012966207415725393
-0.017181704961200469 -0.00015033654004833384 0.020123207917806234
-0.013951330816892879 -0.015026654750581098 -0.0041779886635159164
-0.016013510665034265 0.013589539529924572 0.0087539546734380202
0.020023201434360663 0.0079593482469482342 0.013585135402513337
-0.010287752834920479 0.023558025569121541 0.0084794467354187726
-0.0034707423265008404 0.00019252957295485699 0.0011968642022012596
0.014113178481738452 -0.0014698068931460824 -0.021991402376042968
-0.0094864440020687012 0.00019231308426299578 0.0011164782109359826
0.0081802610671266891 -0.0074899737496547389 -0.021760179523608758
-0.0083123123066711265 0.014635015533188932 -0.0089019948092329444
0.0070996325824011827 0.0020426589339208596 0.012129018071470673
0.012255079671777356 0.014138821059209557 0.0052441957447742641
-0.0048408916040508692 -0.0084602165339102246 -0.0055152537343775088
-0.0044655732739633316 -0.0016333157551237658 -0.015251708595999355
0.002983782536570992 0.0058484846738744408 0.019395389792808092
0.0024601979233669297 0.000589376724144257 -0.0069903393377444573
-0.012268922640013759 -0.0061535067885853121 0.01272021242546526
-0.01838299859905964 0.00087152267012250166 -0.0092658106796949802
0.0036423204000328017 0.0075610875080808103 -0.0054040021632577508
-0.0011501546135342011 1.4215063516510707e-05 -0.0065414639898096084
0.0013109844896499097 0.00011035171468889596 0.0095939943670475345
-0.004511102386980213 0.015555511899753013 -0.0054470729239262218
-0.010402229176680577 0.0050237108944929882 -0.0020102029996272885
0.0081827208394243105 -0.00048348406993959904 0.0088962464423604521
-0.0052215254663985442 0.0058910050806898961 -0.014603153284149342
0.0018584302687441039 -0.020272045112037809 0.00088681429015037615
0.0027110679734611951 0.0028609319888539871 0.012092796612329213
0.011540387228018652 -0.00078614323650941459 0.007503166964334047
-0.0084711040416594018 0.012537132741146782 0.0017268254617140379
-0.0096009346898567015 -0.0051077361694204767 0.0016998553283284338
0.031992168619542925 -0.027585945684549616 -0.0012540508306847569
-0.014979871143110434 0.012214073954624984 0.0063516497238413124
0.0010369039331253242 0.009676388379336813 0.0044620627645053064
0.0053698413122582151 -0.013056833728068772 0.0014178670047364347
0.026029022679457892 0.012140602594614375 0.002737373795443089
0.012120247507633122 0.008456471349971682 0.0045008728683911484
0.014516556581834187 0.0031449911562562087 0.013060946173359777
-0.0074918666510558193 0.017191103162675577 0.0062178669504897466
0.018420135563229401 0.025811410043204811 0.012994549624259713
-0.001464702514674834 0.012116910647551235 0.0013260330145217056
-0.0051726394915677845 0.0034124045820451312 0.0083119536499492736
-0.0054852782602573917 0.019757685176204277 -0.0091252647648176945
0.0061197708669097958 -0.0033122919947400761 -0.00074642641812732791
-0.0066222401985031164 0.04558886322146595 -0.0036460672242927803
-0.0050783651668086446 -0.0013157540618478664 -0.0075302799690638959
3.290562775102305e-05 -0.013795888739350039 -0.0059431427903634294
0.0026687318438387651 -0.012118184526238533 0.0026908867465226054
-0.010323311069541301 -0.001875764177200531 0.0085208544386351504
-0.0069460813430501714 -0.012336182369601724 0.011954394065223991
-0.0084317863165176195 0.0045880620032465362 0.003745208848404688
0.0073623703971934119 -0.014733694751061869 -0.014444823056704656
0.00040588706620777452 -0.0079402572472785128 -0.00096036505020005052
-0.0083821703580037581 -0.0049645951080147044 -0.0062350841132615634
0.0034453835278387608 0.00060150065619906116 0.00058957630359745205
-0.030399581179035219 0.010107894122187298 -0.0017144929506738018
-0.0048623219737111258 -0.0184164221840738 0.010000034168101647
-0.0070345754891203306 0.0067038285254317513 -0.0077955539603591344
-0.0025352757191600904 -0.019414772454614818 0.0047664353148063245
0.004231134074121891 -0.003112379295336708 0.025185501724382567
0.0056818606445756779 0.0028588792332257871 -0.0062292712204795563
-0.0093564455312390472 0.010128022208308272 5.7875053316720278e-05
-0.0012274216461040514 -0.0022308859863864176 0.014745692394759828
-0.0033674572707546213 -0.0070883603776120121 0.0035581302491346565
-0.0056796915760974056 -0.0037070013367573513 -0.0023200517672225221
-0.0090603435864981697 0.013737137122400645 0.0070293875616016825
-0.00079047508668360507 0.012187186688374353 -0.009310666081046309
0.0012601768639797699 -0.016822671607788168 0.006944408681782371
-0.013290848749653732 -0.0032828450436032013 0.0036358257278038589
0.0037232511882091522 -0.0069377829395609299 -0.0049734191919646748
-0.0005802085974494478 0.00033482104204803374 -0.0066315367215466162
0.0031548563620513435 -0.0019394227662679103 0.00065589323685804962
-0.0012615970750817303 0.008342605506985349 0.0067455446938615065
-0.0040732605411515268 0.0072307500001745602 0.002470553689632908
0.00069905075183045195 0.0069012536003435262 0.0018311830958357333
-0.00039355605359460492 0.00032709366545252905 0.0064547501505488299
0.002858882792337035 0.0059421071140542585 -0.0049018270578998447
-0.009691090224379929 -0.0077877409318242025 -0.0041814192816907614
0.00086800273177436646 -0.0029184371634974923 0.0001062361455203602
0.0010726625650136596 -0.0024963833928562471 0.0041069117367806733
-0.00020987809277867405 0.005707615985146834 0.0016034200701022705
0.0025416968126063147 -0.0018490926778643411 0.0020175347415934035
-0.0068163139132859677 2.6892233887311075e-05 0.00018305028429673744
-0.0017248003220934483 -0.0049112862416975309 0.00090844242655126683
0.00034137763501929384 0.0032907215039920368 0.0014906876950597692
0.0029381660510447763 0.0051500941326005504 -0.0025113248516455003
-0.001467455601931611 0.00093717580164082279 -0.0025292566287965106
0.018502982152025949 -0.0078547271162515229 0.0080661386418174746
-0.0034862206131132958 0.0085006619462984906 0.0027067309173460325
-0.0030171237003639119 -0.0059173498546746242 0.0005672341811459406
-0.0046762358089029307 0.00063149613556451138 -0.0019439986844514096
0.0044089483435398053 0.001530469940938844 -0.0048607638193700967
-0.001504868268460935 0.0019711944285079755 0.0071740642710365907
0.00089596560188501132 0.0034235975636674591 -0.0023937657569532665
-0.0092061812597033586 0.0045840545911177621 0.0039946818464725916
0.00026949061105583971 -0.0019003103077535844 -0.0077771231342696661
0.0040454038738089552 -0.0078397179979033151 0.0023738934841102677
0.0042594430196442497 -0.0087766727577184168 -0.0054461419591932585
-0.0021075669711022866 0.0051096289289366123 -0.0061662132957105396
0.002050055638535993 0.0010829714505414746 -0.0014958854112781539
-0.0050659260357019398 -0.0051473567350899304 0.007775418921207789
0.0017802405714162247 -0.0073726976821032802 0.0025382382917053391
0.0030824604930242533 0.0024832569645902346 0.0064593972068859237
0.011887168724442955 0.010469039032756446 -0.0017730305881612422
0.00091760555302844503 0.0016295990269141994 0.0030542801046725423
-0.0078276048133192177 -0.00098164620658855125 0.00079787441712442155
0.00021358077223353054 0.0040824650481928832 -0.0016807193367886595
0.0045432299289784352 -0.011988839426371212 0.0086015393483881934
-0.0043809236959329459 0.0051570741244407721 0.0078990840783952875
-0.0046924645031353063 0.0026169976731331784 -0.00077059848450429622
0.0060017688846050058 -0.001848876313110369 -0.00092384755563231673
-0.0027420629046249075 -4.4605807333166612e-05 0.00067872658617464359
0.0027106550940042156 -0.0025009344109298251 0.0048272686437448803
0.00046601476044910744 0.0032619452137748568 -0.0013868066571980106
-0.0053195968459838119 -0.0023510477805596367 0.0054082128834437981
-0.0052808073436780723 -0.0063657906741043666 0.0045759420408089529
0.0074944410230595483 -0.0046763322892047982 -0.0005357164107427497
0.0092696209165586217 -0.0046544445963929747 0.0024029038911697969
-0.0082911105297492366 0.0091929290374084954 0.0033129268573176083
-0.00096766753919679525 -0.0032228947442359481 0.0077522688817318313
-0.0036348301008712019 -0.0042432022316977701 -0.0084462495208230161
0.00018850297928866986 -0.00025508974802709736 0.0034014641262829185
0.001793619786478339 0.001628997734475257 -0.0038127734655504252
0.0020508458236545035 0.00067788468524775569 0.0020870853608160301
-0.0055087296471105071 -0.0035283765743597119 0.00057466909610739069
0.0037328766610228059 0.0032353762499958924 -0.0021408453789717682
-0.0068709228489902087 0.00076117244469273669 -0.00067171482264798165
0.004851773877818882 -0.0010119603723232828 -0.0050013560551051385
0.0041866000933829198 0.00066454237199786226 0.0020691348160769073
-0.0012221923992203163 -0.0011802114827794319 -0.0024429394058287312
-0.0037090244768283333 0.0040569763247716066 -0.010497918147204733
0.0028691548041862142 -0.00077099248832011131 0.00024271053851784472
-0.0041732620883625851 0.0052257616816871058 0.0031308568118391515
0.0067684956711975674 0.0018548829591753147 -0.0025135878317277742
0.001183161015245391 -0.0020868114579928238 0.0010293145582152658
-0.0037480031489406413 0.0021003183217778829 0.00086571023416002362
-0.00042020762788229772 -0.0056356206541423358 -0.0028300691696160883
-0.00088537291620845344 0.0013693769617095836 0.0029690110186330896
0.0027847460930048719 0.0071111967510524539 0.0014874656126891278
-0.00056783499394236843 0.00045652786231500404 -0.0085073061514873375
0.0032401925321752581 -0.0015388583082480852 -0.0087428877352710033
-0.0046445620294345855 0.0012105146898752669 -0.0036896379675706433
0.0026843302407389131 -0.0032182155749762389 0.001574698024895985
-0.0040287341603142271 -0.0050726024487998166 -0.00046615708501067247
0.0018902743571401681 -0.0046075687598162484 -0.00099330756661340628
-0.0041675680525339034 0.0015149729845095081 0.002913498717912081
0.00072542039083715718 0.0021174866591358271 0.0025259950636063199
0.00088583500988637348 0.0014998410066081823 -0.002715479776509985
-0.0063491168981357846 -0.0056966164653231904 0.010940168592287365
0.00056456517109972483 -0.0020035099749237104 -0.0041203474366794789
0.0047021650309080395 0.0014421732354601429 -0.0017353869435047097
-0.0068783719550500185 -0.0019956599232488922 0.00021195829946167772
-0.0045718307943911646 0.010501696830164482 0.0034077353230349788
-0.00012437459570921651 0.0013182542974256295 -0.0038536285315641295
-0.0048060928894105293 0.00042482852584332871 -0.0029632269176260964
-0.0060169370448002954 0.0024217946167349028 -0.0025989123418459384
-0.014965419302871399 0.012206050561108628 0.0077078774536793234
0.0018800450923455051 -0.0036855118262251042 0.0024150031473403294
0.0037524210881896523 0.0002800933818254097 -0.0021816556422564293
0.0007028453923997285 -0.0015728780052036051 -0.0030779472703889193
-0.0047292707679311924 -0.0083249267699338526 0.0039636462258809887
0.0061055340965304981 0.00024368671298625387 -0.00015921529956736721
0.0061882318869625856 -0.00060869507747685124 -0.0030516545558805903
0.0014885367307280655 0.0010229492457403152 -0.0055867774909725432
0.0048187692858633578 0.0093148643890121688 -0.0025329286210905009
0.0012314730725095098 -0.00082261506731709305 -0.0084089549610752729
-0.0049024974295870608 0.0050625573472420056 0.0032429131927873256
-0.0003344426458199965 9.0019958530177682e-05 -0.002648125463855313
0.0052634859456049017 -0.0080490914995687973 -0.0036772095775947128
-0.0037497779867967838 -0.0018916427445889172 0.001503839028141461
-0.0011558110032798498 0.0013991265906612882 -0.0016019013407197462
-0.0064318189446532659 0.0019751447790846231 -0.00083540354391094436
-0.0056796017470563563 -0.0036060575051904274 0.003206160163176239
-0.0029373712193469085 0.00020399233247377291 0.0030122282397075421
0.0037916553313998946 0.0018682364814860016 -0.0030846059976938262
0.0043756243013895902 -0.0019765222149234472 0.0036004941869040527
-0.0021304181593004238 0.0027471051303711719 -0.0040024064755214851
0.0026892877523158904 -0.0088863219343847128 -0.001811427663888735
-0.0035425386384993094 0.0041636739505789893 0.0035063219120214837
-0.0078891355947391974 -0.00014009716682330744 -0.00027015144480154894
0.00076261366966011966 0.0013451013787860206 0.0044492744885442238
0.0041332592159741537 -0.0025393034286393238 0.010937595657487968
0.0041491265355936878 -0.004999354883734315 -0.0071065208247340647
5.0311748464516696e-05 0.0018098140507819445 -0.010008627984240634
-0.002333644398217493 -0.0035175856616112113 0.0019781878676466461
-0.00011622822885077217 -0.0019240952167988942 -0.0030690308545723191
0.0079404063753585608 -0.0057130994647904831 0.001349937254919252
0.010228205565392437 0.0033394395859773292 -0.0073721692062863218
0.00032546206442927197 0.0044962828129543513 0.002057744527481638
0.0010235190067740866 0.010103588697185169 -0.010942657144531432
0.0014641183663172237 -0.0020818426530709324 0.0059470943206106353
0.0034915315260128882 -0.0045844854900485904 -0.002440903191825469
0.0048065861949034543 -0.0066528134302442036 0.0024197054558436396
-7.6918986133325535e-06 0.0050937823735365427 0.0095194450776156601
0.007273186845606165 -0.010153247456318041 -0.0033660703601441307
-0.0055685695075342982 0.0063871122639635805 -0.001154443299287776
-0.0014105277649073993 0.0026511242641595648 -0.006482401091342049
0.0086726267819954295 -0.0036271357503228105 -0.001729651293943
-0.010414846597939694 0.0015405066954499384 0.0036199778344782915
0.0012997529884671464 0.0075115468708528482 0.0063985680550242979
-0.00050404786320060245 0.0023705330453247723 0.0014348210308021872
-0.0038167432180896427 0.0033987885287123693 -0.007992593876265679
-0.0039449563849916101 0.0031962570258568215 0.0073937231716695506
0.001222765005058049 -0.0064188520463088223 0.0027622820031395221
-0.0026569246310574044 0.010059694516815322 0.0015524233699633859
-0.0015247334036239608 0.003088904376164154 -0.0054932537459441363
-0.00079806326211901281 -0.002886837977678964 -0.0046774741834037185
0.0010683094590725943 -0.0056777112815952343 0.0010098666458712659
0.0029807333267930797 -0.0047205241405582615 -0.00094796329884200314
-0.0026247727637266709 0.002316645689891433 -0.00029040204973043205
0.0032870288642819338 0.0077315873757914577 -0.0017314389863450719
-0.00072797870564824643 0.0026815709962262754 0.0034219049880225192
0.0042487984522669633 -0.0077964210612300128 -0.0023204841944360799
-0.013174107906849598 -0.0092700521451197504 -0.0026353453952323246
-0.0027873568156162125 0.014521182615635266 -0.0034464799520492148
0.00098800296444546596 -0.00063819056000646043 0.0046267935640048035
0.0043803307580932756 -0.0038819977840381437 -0.0010999293974410039
-0.0032525488367809003 0.0068346150679175341 -0.0025151445442235304
-0.016302600033779903 0.0065725275596049083 0.0038115722894462587
0.0076718027756125266 0.0029758178936022299 -0.0016445939915216152
0.0010697967084214348 0.00042627031278896294 -0.00095156418034668215
-0.00045540740973926765 0.0028294309385024693 -0.0058860490324164332
-0.0016454067150364524 -0.0017349457306999121 0.0064541545976583604
-0.0019170348068912487 -0.00094376298535174302 -9.3905921225412607e-05
-0.00019606824082541227 -0.0014194493864898483 -0.0095825547012596286
0.0034568562936876696 -0.0028555244818404767 -0.001874554921323735
-0.0037405018356402651 0.0041116626112500665 0.010536586315446793
0.0039911329172971988 0.00040033612582386608 0.0099481744933155765
0.0060860139572940404 -0.0077538143384127175 -0.014848699471683748
-0.0064056909014151373 -0.0030016754167193648 0.0035207850093530095
0.0018114240378845408 0.00099827967963951559 0.0036287439341189435
0.0036395374844327209 0.0050258636735403652 -0.0062675201129813668
0.0068401536194477907 -0.0050193625706707609 -0.0076997425560580753
-0.0022617135112179068 0.001394819348158612 0.004888717528515411
0.0030771850942369464 0.006131076449180514 0.01173123722955134
0.02175252724258378 -0.013642749024142281 0.0056189350915123292
0.0045679205769498608 0.005945344796922044 0.021598281980167982
0.0026821921447129208 -0.0064307930878898948 0.011721681162463025
0.0067868087045064012 -0.0060953409252106185 0.0074796099948844265
0.025363749098828971 -0.015433881586990297 0.037383223733766333
0.0064717010389797004 0.016410085903173322 -0.016843756560141757
-0.037892922463356474 0.011641043120189074 0.011086316020553126
0.011185945380130567 -0.017172704849126599 -0.0048051273058057498
-0.016723336485510068 0.0034618875047588457 -0.0048787606673514217
0.0018844373235965813 -0.024458568744354817 -0.0013589368897766933
0.0069283614431411376 -0.010396766800009364 -0.0057495786451696191
0.0080164876825064863 -0.010404229052827018 -0.008024506419678246
-0.0017209845100375433 -0.0053465769532300362 0.0030598367334471028
0.036540194325512969 -0.013057191616075398 0.02955014559437736
-0.0049213738436292894 0.023466108435323405 0.019357139125423594
-0.0096788423443364222 -0.036325091046593969 0.00061601946772580718
-0.010203953411518077 -0.0019778298662984574 -0.018856002074518371
0.0015733124838592084 -0.0014763163264387394 -0.010112740508899142
0.025111587646206038 -0.0020143289429679985 0.010642436906202887
-0.0054836686943656714 0.0180539078475337 0.0028435015790623983
0.027737471011581374 -0.026789367640259531 0.0012549260363197195
0.01064473673340263 -0.0090641629504471521 0.015033559768727684
0.044496836430749732 -0.0072353068677193768 0.025689179665978525
-0.0071733198952519204 -0.019709967659378439 0.016690255906411513
0.012234188878853065 -0.012929203280584053 0.015186402906920164
-0.022929896387351045 0.0024028928356122667 0.022633242616379588
-0.0066733982886404749 8.5863312865419093e-05 -0.015797181446952895
-0.035262093196325353 -0.00072149227469517233 -0.021287207546939444
0.018455678959445911 0.0002539822540873475 0.025765346132821904
0.0065570402275717306 0.0003210555719870152 -0.013277583558114483
0.010907642774697064 0.020958269008469078 -0.00046480006538095404
0.0064509913830422382 0.0020373936138896906 -0.015249978371418673
0.0015457661977756594 0.0032933146250672426 -0.017462914827226051
-0.0038857397718333199 -0.0060517629982157943 -0.01366984310168279
0.013395971381599854 -0.017467824441253905 -0.018457673766569611
0.0075867923887789606 0.046171776221776969 0.025210044179647867
-0.022952112371165775 0.0048316499450401984 -0.0053212564103582681
-0.0088967597737803269 0.0088507818041590105 0.018791328636950214
0.025125527046535995 -0.024759520822616819 0.0040231742821621504
0.025495437492140081 0.029634273368774819 0.014347648549785777
0.02609069230375019 -0.010509355258843618 -0.016004755912247447
-0.045170066027482039 -0.00066572496005823498 0.012097630550528092
0.00026988116315620889 0.010769302249613529 -0.016142092015837332
0.0034916170874363544 0.037044065886361999 0.013887727037217487
-0.027824948276930803 0.011076299863218588 0.027213874143172403
-0.011939868239462421 0.0030560104556300832 0.044093819513281507
0.00051732115868485828 -0.011271373624120128 -0.010563885446977986
-0.0075149838120667362 -0.039240530115567676 0.0060495604209138193
0.016133146054087923 0.030388201418597282 0.028894129618274571
-0.0032000042955045833 0.01087688620675608 0.040959210460758393
-0.023189263526055055 -0.030559545572399951 0.037598085749791219
0.020093479499120312 -0.0083332344871498674 0.00021388372570070732
-0.016200442706226233 -0.011549478957385315 -0.0030558767397942613
-0.05162276938792415 -0.040357596395589071 0.0098911248891383925
0.054429098377572843 -0.015466598443078875 0.031950366806046945
-0.018860567540988679 -0.011325214108877709 -0.026146825712503079
0.013137082543735841 0.0019959314410735968 -0.0067179614263610399
-0.012320659193184704 0.0011110915561118729 -0.028923591147380339
-0.0027495393443610432 -0.001179426579750818 0.0012949952191666553
0.00080650135779098396 -0.0056282858523667547 -0.0048124023168091435
0.0078329018271409822 -0.0031699358491717425 -0.0078200335853098202
0.00042517361660258788 0.0027873953981883861 -0.0087392160839945155
0.0015121352214641592 0.017100839119291823 0.0028390303454560914
-0.0058080531906332823 0.0042395919634977573 -0.022392313788196897
0.0036859781429586362 0.0044387777372574986 -0.0027723251559885289
-0.004973566484739499 -0.0060188783113261594 0.009662480431230162
0.0055096737627951375 0.0035598620546538787 -0.0058997920916504954
0.0033888309834224487 0.013628719243822893 -0.015905823049730556
-0.0063710962040890873 -0.0058701601384053117 -0.012390956639316756
-0.0097847511407283417 0.0066159676235775398 0.013583624655189674
0.01166505978709388 0.0014724788123362492 -0.00032630870708621541
-0.0095029304080300001 0.019296492876794139 -0.002470260602176077
0.010203794483837051 -0.015242905370547271 0.013891283939711766
0.020122330777600859 0.0055342453520288741 -0.019087300425698481
-0.0011356847212831299 -0.01595038905786254 -0.017222298978751261
-0.0318325768456071 -0.0031520088188280349 0.0028221673194459402
-0.0072688468236186089 -0.0022858005148494284 0.013321291119578705
-0.0014702822883437981 -0.012216783673446068 -0.013649759783231465
0.0063797032168084154 0.0038064979001795371 -0.02177094100275517
0.0052601720740772118 -0.024979014142731511 0.004385051349629283
0.019351166527983618 0.00020976116660149658 0.026078585078686527
-0.0024335678528341633 0.0045322756062302376 -0.0050176242102307218
0.004865975705410126 -0.014517854915727407 -0.011400046768241261
0.023084756392940234 -0.019891159138844174 -0.014423145729515542
0.017965030040297959 -0.016895103711075509 0.0029176288167967724
-0.0080356209965987916 -0.029313176816284935 0.0014252897380065252
-0.016454666586893249 0.011745610264283005 -0.014118712856361531
0.018977638317602769 0.028519128418744311 0.018321170425583743
-0.010905357186202261 -0.018689276390203301 0.017644781487014993
-0.0033893735296962476 0.0018703307587952414 0.014348700650151534
-0.015672213286179189 0.01195169856022903 -0.0018508821071037253
0.013377192565288477 0.012162483202316141 0.022942219190287421
0.013298381576878257 -0.016474551272275869 0.0026509257768976709
-0.0094834389849869031 -0.0081045228608198731 0.0010193561867213161
-0.011307262964893929 -0.010688357387252444 -0.0065516074430137568
0.00117718900087478 -0.033672623072076441 -0.0046957986910349681
-0.012802259399732856 0.01077255008102861 0.0078774089249689407
-0.021952403157038988 0.0013277914635419648 -0.0012753219468996677
0.0086596623761270985 0.031624164417914477 0.0066328817908942028
-0.0041250600655352871 0.0024268255257376531 0.0011732450606873732
-0.00084412284013886548 0.0015012841428477352 0.0088366633577509329
0.0095778752428781009 -0.0015332744577841975 -0.020991744336136379
-0.017447718480170574 -0.032980445318551668 -0.038631400818847306
-0.0046789500723778427 -0.021023233363598428 -0.017741796622012074
0.0091415693607511134 0.0043425558182550337 -0.0053796415338636817
0.0088638401926360699 -0.00026756989461492131 -0.020719216826089116
-0.0077849768575276191 0.0038473211959731721 0.005216716144246859
-0.01846436787086686 0.015819537853012228 -0.01253518995808234
-0.013594188103844629 -0.003273178463605014 -0.013303620114513992
0.018924832481461332 0.0095334420777145913 0.0073276667835207848
-0.010591040654833983 -0.0098883698288376835 0.0024061543267491193
0.0030795949220320932 0.039236429797669101 -0.0038568873327772869
0.007176244140712584 -0.0052899312724636162 -0.0034539221574768999
-0.014718948374138245 0.00970101885060164 0.02022057058879892
0.012867790554571863 -0.010899474001745204 -0.010394966208437844
0.026750094181462861 -0.0084380753636278151 0.0026837794125776754
-0.041681402209298266 -0.011642202022570439 -0.0093352401429823116
0.0065328537776510581 -0.020337324992438326 -0.0099023089575844565
-0.0071565151760557156 -0.013165537699346651 0.016496325936212596
0.015090103298884423 -0.026718043581000283 0.0048209025496493679
-0.016808094236562841 0.015051905988085468 -0.024801623764982978
0.010403566558554371 0.027728239558318508 0.0065981284596213548
0.012853475199848708 0.015407711047555239 -0.02353114750814413
-0.0064780560348446942 0.0021270568229476319 -0.0067398740413261039
-0.007674103475340607 -0.0012319706201996028 0.02634576257309405
0.014748827776255266 2.0208753023820606e-05 -0.030385201586518199
-0.0035157966845960217 0.038640644071533573 -0.013648605200586516
0.0016043727876789966 -0.0049549215650025293 -0.015167016605314916
0.00061896083942443989 0.0052495354229232993 -0.0047295537839455049
0.0084433408983521762 -0.012116367691572382 -0.0012751551688794818
-0.0024685876987319863 -0.0046965957503892703 -0.013373772409346939
0.0084184938632490668 -0.0032966511013158635 -0.016111110113095493
-0.0085575330488068414 -0.012460829949914726 -0.015804255397251488
-0.011318090220505604 -0.013264875736837456 -0.0066901392560966087
-0.01572834427561963 -0.019055506636053082 -0.010429312469403066
-0.027398400796229586 0.0014813521553698919 -0.0012340377851434178
0.0039438410220329467 0.020438325037246952 -1.6567604107653427e-05
-0.012802382377252017 -0.0012557656377904344 -0.017413490986929722
-0.0047653351760630226 -0.021895222160473082 -0.013653567739017576
-0.0082379211025791713 -0.0040504083046239816 -0.012360475992715033
0.0011697955605117687 0.016165408876891291 -0.0014833267680674034
0.0065981788167498081 0.0079708750861389906 -0.018191276323385523
0.010968917697791026 -9.64832518818263e-05 -0.022229619004712948
-0.0031554668397190551 0.0014043138108911879 -0.013186590609090375
0.0035750727631970584 -0.00055681550178975482 0.020263672527351808
0.0033405815349369498 0.024041255533808526 -0.0056230407143130507
0.013375637857096041 -0.011692452901469485 -0.0046599157673494779
-0.00024531617250221947 0.016449050172242668 -0.0084201550157975719
0.013712046409193233 -0.0019521659254612242 -0.02530259615560156
0.014621958499801404 -0.0091007201753647814 0.0048485582152009276
-0.010857164268127885 0.020808825087052427 -0.0015799079220551618
-0.0083104952154343763 -0.0064808547114487526 0.0073385383203473774
0.012447096532035655 0.0049925580447078609 -0.0092252559559159886
0.0054051030338095173 -0.027477357030320667 -0.013803877646503192
-0.016207748860422241 0.0063070505121438592 -0.0090345928948119009
-0.0031414803239341155 -0.0043715687778841427 -0.001504981027995638
0.0032711598370145528 0.01556975600261239 0.011556669956999331
0.0073848218251250011 0.023359051716835343 0.0010083750449689074
0.022019618510654863 -0.012027810630898521 -0.0020482182671238956
0.0057708069105028136 -0.0011041741863691526 0.018830919904649312
-0.014260938536377625 -0.002648256406769797 0.0064695964318356152
-0.0055528454006417861 0.0089346302165854603 0.0086680942324391854
0.011525120444483406 0.001814984649671936 0.013674097103860692
-0.003780793473642277 0.004924230197763768 -0.018889321540188898
0.011976004858764806 -0.0078225274745139343 -0.003413033977237081
0.014904543456459527 -0.015506509831551035 -0.007648055792443308
0.017126922181443086 -0.0098855025946047274 -0.015827938535928083
0.012114726251000038 -7.5992378458466877e-05 0.012656185161384606
-0.0095223893906612889 -0.017464886116701998 0.0019071759365299876
-0.0022953361473898415 0.0039863488989961724 0.011284367299873648
0.010783028631466943 0.039406299438549161 -0.0013748018986559799
-0.029265623599716489 -0.0033728563545590393 0.0082470349217994617
0.0042248771449795632 0.0134648918242582 -0.0013489479372988547
-0.0015828727958851778 0.018791412900126415 0.0090798674561428216
0.00041797312459336398 0.021128050096409497 -0.014917650419302196
-0.0063329798169114871 -0.0086525128057089278 -0.00065880531208649601
-0.0072626514265360393 -0.0038221210299574444 -0.016299945913632461
0.0014133199573222717 -0.0051273128908405395 -0.0026551465766258991
0.0094866485662241148 0.0020122460211598222 -0.0066000069474190237
0.0014128420147783551 0.00017619950235352476 -0.0032695038789761926
-0.00087395681010499367 -0.0047688347888812941 -0.021388726761728375
-0.0045271633164207532 0.00034743281311613768 -0.0065383669884291219
-0.0012471982596162377 -0.002272081793819766 -0.0014394033018692179
-0.023667363976824368 -0.0030925180793925128 0.0053308978465205058
0.010800196768542608 0.012984217005361818 0.011505032120716322
-0.006099005910175136 0.0042576240571907233 0.0025463641138962954
-0.00021477254298127101 -0.0061501638201441446 -0.01027716289743104
0.0091462178745395344 0.031965719699013434 0.004351723847612168
-0.0023123461309021028 -0.02527155465977058 -0.012440493697444559
0.018849426583599851 0.0087415956903655993 -0.0071699644042510736
-0.0027484282684214364 0.0050306410083554116 -0.0081359440228057512
