0 4.4726045228 2.9609704178
0.01 4.4726045228 2.9609704178
0.02 4.47006904385 2.9583459367
0.03 4.46584550233333 2.95396922553333
0.04 4.4599372805 2.9478364685
0.05 4.4523491108 2.9399424198
0.06 4.44308707066667 2.9302804975
0.07 4.432158578 2.91884290585714
0.08 4.419572385 2.90562078
0.09 4.40533857111111 2.89060435577778
0.1 4.3894685346 2.8737831617
0.11 4.37197498327273 2.85514623145455
0.12 4.35287192341667 2.83468233575
0.13 4.33217464892308 2.81238023176923
0.14 4.30989972735714 2.78822892742857
0.15 4.28606498686667 2.762217959
0.16 4.2606895004375 2.7343376799375
0.17 4.23379356952941 2.70457955764706
0.18 4.20539870677778 2.67293647733333
0.19 4.1755276171579 2.63940304889474
0.2 4.14420417785 2.60397591525
0.21 4.11145341738095 2.56665405919048
0.22 4.07730149309091 2.52743910659091
0.23 4.04177566769565 2.48633562282609
0.24 4.00490428454167 2.44335140070833
0.25 3.96671674172 2.3984977364
0.26 3.92724346461538 2.35178969219231
0.27 3.88651587851852 2.30324634255556
0.28 3.8445663775 2.25289100257143
0.29 3.80142829517241 2.20075143534483
0.3 3.757135872 2.14686003746667
0.31 3.71172422354839 2.09125400025806
0.32 3.6652293046875 2.03397544525
0.33 3.61768787484848 1.97507153254545
0.34 3.56913746235294 1.91459454032353
0.35 3.51961632742857 1.85260191534286
0.36 3.46916342194444 1.78915629247222
0.37 3.41781835162162 1.72432548335135
0.38 3.36562133552632 1.65818243352632
0.39 3.31261316384615 1.59080514758974
0.4 3.25883515725 1.522276582675
0.41 3.20432912243902 1.45268451034146
0.42 3.14913730976191 1.38212134719048
0.43 3.09330236744186 1.31068395506977
0.44 3.03686729772727 1.23847341168182
0.45 2.97987541044444 1.16559475244444
0.46 2.92237027652174 1.09215668528261
0.47 2.86439568170213 1.01827127942553
0.48 2.805995579375 0.944053630229167
0.49 2.74721404306122 0.869621501387755
0.5 2.6880952178 0.79509494706
0.51 2.62868327352941 0.720595915607843
0.52 2.56902235557692 0.646247837384615
0.53 2.50915653754717 0.572175198924528
0.54 2.44912977222222 0.498503106018518
0.55 2.38898584436364 0.425356838109091
0.56 2.32876832232143 0.352861396821429
0.57 2.26852051035088 0.281141051087719
0.58 2.20828540137931 0.210318881637931
0.59 2.14810563033898 0.140516327528814
0.6 2.08802342783333 0.071852737405
0.61 2.02808057377049 0.00444492810278688
0.62 1.96831835290323 -0.0615932467967742
0.63 1.90877751031746 -0.126151315920635
0.64 1.84949820703125 -0.189122594140625
0.65 1.79051997861538 -0.250404569307692
0.66 1.73188169242424 -0.309899269560606
0.67 1.67362150746269 -0.367513608940298
0.68 1.61577683426471 -0.423159709602941
0.69 1.55838429681159 -0.476755198507246
0.7 1.50147969557143 -0.5282234774
0.71 1.44509797084507 -0.577493964253521
0.72 1.38927316875 -0.624502305097222
0.73 1.33403840790411 -0.669190555342466
0.74 1.27942584772973 -0.711507329378378
0.75 1.22546665824 -0.751407918266667
0.76 1.17219099136842 -0.78885437475
0.77 1.11962795394805 -0.823815565584415
0.78 1.06780558226923 -0.856267191230769
0.79 1.01675081831646 -0.886191772924051
0.8 0.9664894877125 -0.913578607875
0.81 0.917046279333333 -0.938423692962963
0.82 0.868444726780488 -0.960729618012195
0.83 0.820707191433735 -0.980505429566265
0.84 0.77385484752381 -0.997766466404762
0.85 0.727907668752941 -1.01253416823529
0.86 0.682884416872093 -1.0248358592093
0.87 0.638802632022988 -1.03470450778161
0.88 0.595678624829545 -1.04217846497727
0.89 0.553527470359551 -1.04730118297753
0.9 0.512363003888889 -1.05012091607778
0.91 0.472197818307692 -1.05069040618681
0.92 0.433043263521739 -1.04906655527174
0.93 0.394909447419355 -1.04531008683871
0.94 0.357805238670213 -1.03948519894681
0.95 0.321738271210526 -1.03165921114737
0.96 0.2867149504375 -1.02190220760417
0.97 0.252740461061856 -1.01028667886598
0.98 0.219818776591837 -0.996887164581633
0.99 0.18795267040404 -0.981779899454545
1 0.15714372846 -0.96504246463
1.01 0.127392363465347 -0.946753446732673
1.02 0.0986978305686275 -0.926992106470588
1.03 0.0710582445796116 -0.90583805892233
1.04 0.0444705985048077 -0.883370967057692
1.05 0.01893078354 -0.859670250514286
1.06 -0.00556638963273585 -0.834814810773585
1.07 -0.0290271682429907 -0.808882774457944
1.08 -0.051458833587037 -0.781951255648148
1.09 -0.0728696759825688 -0.754096138486238
1.1 -0.0932689685636364 -0.7253918808
1.11 -0.112666939972973 -0.695911339396396
1.12 -0.131074746008929 -0.665725617544643
1.13 -0.148504440238938 -0.634903935
1.14 -0.164968943666667 -0.603513520473684
1.15 -0.180482013530435 -0.571619526695652
1.16 -0.195058211181035 -0.539284967594828
1.17 -0.208712869196581 -0.506570677324786
1.18 -0.221462057771186 -0.473535290355932
1.19 -0.233322550344538 -0.44023524189916
1.2 -0.244311788666667 -0.406724787775
1.21 -0.254447847181818 -0.373056042487603
1.22 -0.263749397016393 -0.339279034401639
1.23 -0.272235669317073 -0.305441776560976
1.24 -0.279926418354839 -0.27159035175
1.25 -0.286841884088 -0.237769010128
1.26 -0.293002754579365 -0.204020277873016
1.27 -0.29843012803937 -0.170385075031496
1.28 -0.303145474773438 -0.1369028408125
1.29 -0.307170598922481 -0.10361166455814
1.3 -0.3105276002 -0.0705484203976923
1.31 -0.313238835564886 -0.0377489039374046
1.32 -0.315326880984848 -0.00524796894825758
1.33 -0.316814493285714 0.0269203376203008
1.34 -0.317724572171642 0.0587226441462687
1.35 -0.318080122503704 0.0901261280444444
1.36 -0.317904216845588 0.121098396352941
1.37 -0.31721995840146 0.151607374686131
1.38 -0.31605044434058 0.181621206108696
1.39 -0.314418729618705 0.211108161215827
1.4 -0.312347791371429 0.240036560571429
1.41 -0.309860493886525 0.268374710794326
1.42 -0.306979554239437 0.296090855014085
1.43 -0.303727508727273 0.323153138615385
1.44 -0.30012668 0.349529590902778
1.45 -0.296199145151724 0.375188123117241
1.46 -0.291966704664384 0.400096543116438
1.47 -0.287450852333333 0.424222586959184
1.48 -0.28267274625 0.447533967168919
1.49 -0.277653180872483 0.469998437691275
1.5 -0.272412560213333 0.49158387502
1.51 -0.266970872271523 0.512258375059603
1.52 -0.261347664684211 0.531990364993421
1.53 -0.255562021673203 0.550748729313726
1.54 -0.249632542363636 0.568502949032467
1.55 -0.243577320470968 0.585223253012903
1.56 -0.237413925429487 0.600880780019231
1.57 -0.231159384987261 0.615447750318471
1.58 -0.224830169291139 0.628897645164557
1.59 -0.218442176534591 0.641205392767296
1.6 -0.212010720125 0.6523475590625
1.61 -0.20555051747205 0.662302541304348
1.62 -0.199075680376543 0.67105076345679
1.63 -0.192599706993865 0.678574870613497
1.64 -0.186135475481707 0.68485992152439
1.65 -0.179695239248485 0.689893576666667
1.66 -0.173290623825301 0.693666280843373
1.67 -0.166932625413174 0.696171437904192
1.68 -0.160631610994048 0.697405576071429
1.69 -0.154397320094675 0.697368502248521
1.7 -0.148238868094118 0.696063443764706
1.71 -0.142164751146199 0.693497176081871
1.72 -0.136182852575581 0.689680134651163
1.73 -0.130300450815029 0.68462651017341
1.74 -0.124524228770115 0.678354325862069
1.75 -0.11886028464 0.670885495485714
1.76 -0.113314144039773 0.662245861704545
1.77 -0.107890773474576 0.652465213615819
1.78 -0.102594595044944 0.641577283033708
1.79 -0.0974295023519553 0.629619719106145
1.8 -0.0923988775055555 0.616634041222222
1.81 -0.087505609160221 0.602665569723757
1.82 -0.0827521115604396 0.58776333467033
1.83 -0.0781403444480874 0.571979963333333
1.84 -0.0736718337608696 0.55537154625
1.85 -0.0693476930918919 0.53799748292973
1.86 -0.0651686457473118 0.519920307451613
1.87 -0.061135047342246 0.501205495764706
1.88 -0.0572469088829787 0.48192125487234
1.89 -0.0535039201534392 0.462138295687831
1.9 -0.0499054733931579 0.441929590805263
1.91 -0.0464506871366492 0.421370118628272
1.92 -0.0431384300958333 0.400536595541667
1.93 -0.0399673450398964 0.37950719788601
1.94 -0.0369358725350515 0.358361275417526
1.95 -0.0340422744692308 0.33717905828718
1.96 -0.0312846572627551 0.316041359392857
1.97 -0.0286609946751269 0.295029274167513
1.98 -0.0261691501262626 0.274223880323232
1.99 -0.0238068984276382 0.253705938552764
2 -0.021571946605 0.23355558282
2.01 -0.0194619551189055 0.213852079711443
2.02 -0.0174745542608911 0.194673379767327
2.03 -0.015607341682266 0.176094688073892
2.04 -0.0138578829034314 0.158187028784314
2.05 -0.0122237304380488 0.141016763209756
2.06 -0.0107024477373786 0.124645434014563
2.07 -0.00929162975024155 0.109129532676329
2.08 -0.00798892247019231 0.0945202959759615
2.09 -0.00679203938564593 0.0808636224832536
2.1 -0.00569878215809524 0.0681997264142857
2.11 -0.00470706786592417 0.056560582478673
2.12 -0.00381492236929245 0.0459712661066038
2.13 -0.00302043923652582 0.0364568811
2.14 -0.00232185862672897 0.0280365426864486
2.15 -0.00171757643409302 0.0207229776325581
2.16 -0.00120614438796296 0.0145227600472222
2.17 -0.000786273125944701 0.00943630685990783
2.18 -0.00045701168446789 0.00546000119266055
2.19 -0.000216045961776256 0.00256659365246575
2.2 -6.60794392272727e-05 0.0007795052785
2.21 -4.85359061176471e-06 5.67864714298643e-05
2.22 3.12928221040541e-06 -3.64821339297297e-05
2.23 -1.05536675264574e-06 1.23769339802691e-05
2.24 6.09486077008929e-08 -7.18982838035714e-07
2.25 9.43624509688889e-08 -1.11322116288889e-06
2.26 -5.04071845929204e-12 -1.01828351424779e-10
2.27 0 0
2.28 0 0
2.29 0 0
2.3 0 0
2.31 0 0
2.32 0 0
2.33 0 0
2.34 0 0
2.35 0 0
2.36 0 0
2.37 0 0
2.38 0 0
2.39 0 0
2.4 0 0
2.41 0 0
2.42 0 0
2.43 0 0
2.44 0 0
2.45 0 0
2.46 0 0
2.47 0 0
2.48 0 0
2.49 0 0
2.5 0 0
2.51 0 0
2.52 0 0
2.53 0 0
2.54 0 0
2.55 0 0
2.56 0 0
2.57 0 0
2.58 0 0
2.59 0 0
2.6 0 0
2.61 0 0
2.62 0 0
2.63 0 0
2.64 0 0
2.65 0 0
2.66 0 0
2.67 0 0
2.68 0 0
2.69 0 0
2.7 0 0
2.71 0 0
2.72 0 0
2.73 0 0
2.74 0 0
2.75 0 0
2.76 0 0
2.77 0 0
2.78 0 0
2.79 0 0
2.8 0 0
2.81 0 0
2.82 0 0
2.83 0 0
2.84 0 0
2.85 0 0
2.86 0 0
2.87 0 0
2.88 0 0
2.89 0 0
2.9 0 0
2.91 0 0
2.92 0 0
2.93 0 0
2.94 0 0
2.95 0 0
2.96 0 0
2.97 0 0
2.98 0 0
2.99 0 0
3 0 0
3.01 0 0
3.02 0 0
3.03 0 0
3.04 0 0
3.05 0 0
3.06 0 0
3.07 0 0
3.08 0 0
3.09 0 0
3.1 0 0
3.11 0 0
3.12 0 0
3.13 0 0
3.14 0 0
3.15 0 0
3.16 0 0
3.17 0 0
3.18 0 0
3.19 0 0
3.2 0 0
3.21 0 0
3.22 0 0
3.23 0 0
3.24 0 0
3.25 0 0
3.26 0 0
3.27 0 0
3.28 0 0
3.29 0 0
3.3 0 0
3.31 0 0
3.32 0 0
3.33 0 0
3.34 0 0
3.35 0 0
3.36 0 0
3.37 0 0
3.38 0 0
3.39 0 0
3.4 0 0
3.41 0 0
3.42 0 0
3.43 0 0
3.44 0 0
3.45 0 0
3.46 0 0
3.47 0 0
3.48 0 0
3.49 0 0
3.5 0 0
3.51 0 0
3.52 0 0
3.53 0 0
3.54 0 0
3.55 0 0
3.56 0 0
3.57 0 0
3.58 0 0
3.59 0 0
3.6 0 0
3.61 0 0
3.62 0 0
3.63 0 0
3.64 0 0
3.65 0 0
3.66 0 0
3.67 0 0
3.68 0 0
3.69 0 0
3.7 0 0
3.71 0 0
3.72 0 0
3.73 0 0
3.74 0 0
3.75 0 0
3.76 0 0
3.77 0 0
3.78 0 0
3.79 0 0
3.8 0 0
3.81 0 0
3.82 0 0
3.83 0 0
3.84 0 0
3.85 0 0
3.86 0 0
3.87 0 0
3.88 0 0
3.89 0 0
3.9 0 0
3.91 0 0
3.92 0 0
3.93 0 0
3.94 0 0
3.95 0 0
3.96 0 0
3.97 0 0
3.98 0 0
3.99 0 0
4 0 0
4.01 0 0
4.02 0 0
4.03 0 0
4.04 0 0
4.05 0 0
4.06 0 0
4.07 0 0
4.08 0 0
4.09 0 0
4.1 0 0
4.11 0 0
4.12 0 0
4.13 0 0
4.14 0 0
4.15 0 0
4.16 0 0
4.17 0 0
4.18 0 0
4.19 0 0
4.2 0 0
4.21 0 0
4.22 0 0
4.23 0 0
4.24 0 0
4.25 0 0
4.26 0 0
4.27 0 0
4.28 0 0
4.29 0 0
4.3 0 0
4.31 0 0
4.32 0 0
4.33 0 0
4.34 0 0
4.35 0 0
4.36 0 0
4.37 0 0
4.38 0 0
4.39 0 0
4.4 0 0
4.41 0 0
4.42 0 0
4.43 0 0
4.44 0 0
4.45 0 0
4.46 0 0
4.47 0 0
4.48 0 0
4.49 0 0
4.5 0 0
4.51 0 0
4.52 0 0
4.53 0 0
4.54 0 0
4.55 0 0
4.56 0 0
4.57 0 0
4.58 0 0
4.59 0 0
4.6 0 0
4.61 0 0
4.62 0 0
4.63 0 0
4.64 0 0
4.65 0 0
4.66 0 0
4.67 0 0
4.68 0 0
4.69 0 0
4.7 0 0
4.71 0 0
4.72 0 0
4.73 0 0
4.74 0 0
4.75 0 0
4.76 0 0
4.77 0 0
4.78 0 0
4.79 0 0
4.8 0 0
4.81 0 0
4.82 0 0
4.83 0 0
4.84 0 0
4.85 0 0
4.86 0 0
4.87 0 0
4.88 0 0
4.89 0 0
4.9 0 0
4.91 0 0
4.92 0 0
4.93 0 0
4.94 0 0
4.95 0 0
4.96 0 0
4.97 0 0
4.98 0 0
4.99 0 0
5 0 0
5.01 0 0
5.02 0 0
5.03 0 0
5.04 0 0
5.05 0 0
5.06 0 0
5.07 0 0
5.08 0 0
5.09 0 0
5.1 0 0
5.11 0 0
5.12 0 0
5.13 0 0
5.14 0 0
5.15 0 0
5.16 0 0
5.17 0 0
5.18 0 0
5.19 0 0
5.2 0 0
5.21 0 0
5.22 0 0
5.23 0 0
5.24 0 0
5.25 0 0
5.26 0 0
5.27 0 0
5.28 0 0
5.29 0 0
5.3 0 0
5.31 0 0
5.32 0 0
5.33 0 0
5.34 0 0
5.35 0 0
5.36 0 0
5.37 0 0
5.38 0 0
5.39 0 0
5.4 0 0
5.41 0 0
5.42 0 0
5.43 0 0
5.44 0 0
5.45 0 0
5.46 0 0
5.47 0 0
5.48 0 0
5.49 0 0
5.5 0 0
5.51 0 0
5.52 0 0
5.53 0 0
5.54 0 0
5.55 0 0
5.56 0 0
5.57 0 0
5.58 0 0
5.59 0 0
5.6 0 0
5.61 0 0
5.62 0 0
5.63 0 0
5.64 0 0
5.65 0 0
5.66 0 0
5.67 0 0
5.68 0 0
5.69 0 0
5.7 0 0
5.71 0 0
5.72 0 0
5.73 0 0
5.74 0 0
5.75 0 0
5.76 0 0
5.77 0 0
5.78 0 0
5.79 0 0
5.8 0 0
5.81 0 0
5.82 0 0
5.83 0 0
5.84 0 0
5.85 0 0
5.86 0 0
5.87 0 0
5.88 0 0
5.89 0 0
5.9 0 0
5.91 0 0
5.92 0 0
5.93 0 0
5.94 0 0
5.95 0 0
5.96 0 0
5.97 0 0
5.98 0 0
5.99 0 0
6 0 0
6.01 0 0
6.02 0 0
6.03 0 0
6.04 0 0
6.05 0 0
6.06 0 0
6.07 0 0
6.08 0 0
6.09 0 0
6.1 0 0
6.11 0 0
6.12 0 0
6.13 0 0
6.14 0 0
6.15 0 0
6.16 0 0
6.17 0 0
6.18 0 0
6.19 0 0
6.2 0 0
6.21 0 0
6.22 0 0
6.23 0 0
6.24 0 0
6.25 0 0
6.26 0 0
6.27 0 0
6.28 0 0
6.29 0 0
6.3 0 0
6.31 0 0
6.32 0 0
6.33 0 0
6.34 0 0
6.35 0 0
6.36 0 0
6.37 0 0
6.38 0 0
6.39 0 0
6.4 0 0
6.41 0 0
6.42 0 0
6.43 0 0
6.44 0 0
6.45 0 0
6.46 0 0
6.47 0 0
6.48 0 0
6.49 0 0
6.5 0 0
6.51 0 0
6.52 0 0
6.53 0 0
6.54 0 0
6.55 0 0
6.56 0 0
6.57 0 0
6.58 0 0
6.59 0 0
6.6 0 0
6.61 0 0
6.62 0 0
6.63 0 0
6.64 0 0
6.65 0 0
6.66 0 0
6.67 0 0
6.68 0 0
6.69 0 0
6.7 0 0
6.71 0 0
6.72 0 0
6.73 0 0
6.74 0 0
6.75 0 0
6.76 0 0
6.77 0 0
6.78 0 0
6.79 0 0
6.8 0 0
6.81 0 0
6.82 0 0
6.83 0 0
6.84 0 0
6.85 0 0
6.86 0 0
6.87 0 0
6.88 0 0
6.89 0 0
6.9 0 0
6.91 0 0
6.92 0 0
6.93 0 0
6.94 0 0
6.95 0 0
6.96 0 0
6.97 0 0
6.98 0 0
6.99 0 0
7 0 0
7.01 0 0
7.02 0 0
7.03 0 0
7.04 0 0
7.05 0 0
7.06 0 0
7.07 0 0
7.08 0 0
7.09 0 0
7.1 0 0
7.11 0 0
7.12 0 0
7.13 0 0
7.14 0 0
7.15 0 0
7.16 0 0
7.17 0 0
7.18 0 0
7.19 0 0
7.2 0 0
7.21 0 0
7.22 0 0
7.23 0 0
7.24 0 0
7.25 0 0
7.26 0 0
7.27 0 0
7.28 0 0
7.29 0 0
7.3 0 0
7.31 0 0
7.32 0 0
7.33 0 0
7.34 0 0
7.35 0 0
7.36 0 0
7.37 0 0
7.38 0 0
7.39 0 0
7.4 0 0
7.41 0 0
7.42 0 0
7.43 0 0
7.44 0 0
7.45 0 0
7.46 0 0
7.47 0 0
7.48 0 0
7.49 0 0
7.5 0 0
7.51 0 0
7.52 0 0
7.53 0 0
7.54 0 0
7.55 0 0
7.56 0 0
7.57 0 0
7.58 0 0
7.59 0 0
7.6 0 0
7.61 0 0
7.62 0 0
7.63 0 0
7.64 0 0
7.65 0 0
7.66 0 0
7.67 0 0
7.68 0 0
7.69 0 0
7.7 0 0
7.71 0 0
7.72 0 0
7.73 0 0
7.74 0 0
7.75 0 0
7.76 0 0
7.77 0 0
7.78 0 0
7.79 0 0
7.8 0 0
7.81 0 0
7.82 0 0
7.83 0 0
7.84 0 0
7.85 0 0
7.86 0 0
7.87 0 0
7.88 0 0
7.89 0 0
7.9 0 0
7.91 0 0
7.92 0 0
7.93 0 0
7.94 0 0
7.95 0 0
7.96 0 0
7.97 0 0
7.98 0 0
7.99 0 0
8 0 0
8.01 0 0
8.02 0 0
8.03 0 0
8.04 0 0
8.05 0 0
8.06 0 0
8.07 0 0
8.08 0 0
8.09 0 0
8.1 0 0
8.11 0 0
8.12 0 0
8.13 0 0
8.14 0 0
8.15 0 0
8.16 0 0
8.17 0 0
8.18 0 0
8.19 0 0
8.2 0 0
8.21 0 0
8.22 0 0
8.23 0 0
8.24 0 0
8.25 0 0
8.26 0 0
8.27 0 0
8.28 0 0
8.29 0 0
8.3 0 0
8.31 0 0
8.32 0 0
8.33 0 0
8.34 0 0
8.35 0 0
8.36 0 0
8.37 0 0
8.38 0 0
8.39 0 0
8.4 0 0
8.41 0 0
8.42 0 0
8.43 0 0
8.44 0 0
8.45 0 0
8.46 0 0
8.47 0 0
8.48 0 0
8.49 0 0
8.5 0 0
8.51 0 0
8.52 0 0
8.53 0 0
8.54 0 0
8.55 0 0
8.56 0 0
8.57 0 0
8.58 0 0
8.59 0 0
8.6 0 0
8.61 0 0
8.62 0 0
8.63 0 0
8.64 0 0
8.65 0 0
8.66 0 0
8.67 0 0
8.68 0 0
8.69 0 0
8.7 0 0
8.71 0 0
8.72 0 0
8.73 0 0
8.74 0 0
8.75 0 0
8.76 0 0
8.77 0 0
8.78 0 0
8.79 0 0
8.8 0 0
8.81 0 0
8.82 0 0
8.83 0 0
8.84 0 0
8.85 0 0
8.86 0 0
8.87 0 0
8.88 0 0
8.89 0 0
8.9 0 0
8.91 0 0
8.92 0 0
8.93 0 0
8.94 0 0
8.95 0 0
8.96 0 0
8.97 0 0
8.98 0 0
8.99 0 0
9 0 0
9.01 0 0
9.02 0 0
9.03 0 0
9.04 0 0
9.05 0 0
9.06 0 0
9.07 0 0
9.08 0 0
9.09 0 0
9.1 0 0
9.11 0 0
9.12 0 0
9.13 0 0
9.14 0 0
9.15 0 0
9.16 0 0
9.17 0 0
9.18 0 0
9.19 0 0
9.2 0 0
9.21 0 0
9.22 0 0
9.23 0 0
9.24 0 0
9.25 0 0
9.26 0 0
9.27 0 0
9.28 0 0
9.29 0 0
9.3 0 0
9.31 0 0
9.32 0 0
9.33 0 0
9.34 0 0
9.35 0 0
9.36 0 0
9.37 0 0
9.38 0 0
9.39 0 0
9.4 0 0
9.41 0 0
9.42 0 0
9.43 0 0
9.44 0 0
9.45 0 0
9.46 0 0
9.47 0 0
9.48 0 0
9.49 0 0
9.5 0 0
9.51 0 0
9.52 0 0
9.53 0 0
9.54 0 0
9.55 0 0
9.56 0 0
9.57 0 0
9.58 0 0
9.59 0 0
9.6 0 0
9.61 0 0
9.62 0 0
9.63 0 0
9.64 0 0
9.65 0 0
9.66 0 0
9.67 0 0
9.68 0 0
9.69 0 0
9.7 0 0
9.71 0 0
9.72 0 0
9.73 0 0
9.74 0 0
9.75 0 0
9.76 0 0
9.77 0 0
9.78 0 0
9.79 0 0
9.8 0 0
9.81 0 0
9.82 0 0
9.83 0 0
9.84 0 0
9.85 0 0
9.86 0 0
9.87 0 0
9.88 0 0
9.89 0 0
9.9 0 0
9.91 0 0
9.92 0 0
9.93 0 0
9.94 0 0
9.95 0 0
9.96 0 0
9.97 0 0
9.98 0 0
9.99 0 0
10 0 0
10.01 0 0
10.02 0 0
10.03 0 0
10.04 0 0
10.05 0 0
10.06 0 0
10.07 0 0
10.08 0 0
10.09 0 0
10.1 0 0
10.11 0 0
10.12 0 0
10.13 0 0
10.14 0 0
10.15 0 0
10.16 0 0
10.17 0 0
10.18 0 0
10.19 0 0
10.2 0 0
10.21 0 0
10.22 0 0
10.23 0 0
10.24 0 0
10.25 0 0
10.26 0 0
10.27 0 0
10.28 0 0
10.29 0 0
10.3 0 0
10.31 0 0
10.32 0 0
10.33 0 0
10.34 0 0
10.35 0 0
10.36 0 0
10.37 0 0
10.38 0 0
10.39 0 0
10.4 0 0
10.41 0 0
10.42 0 0
10.43 0 0
10.44 0 0
10.45 0 0
10.46 0 0
10.47 0 0
10.48 0 0
10.49 0 0
10.5 0 0
10.51 0 0
10.52 0 0
10.53 0 0
10.54 0 0
10.55 0 0
10.56 0 0
10.57 0 0
10.58 0 0
10.59 0 0
10.6 0 0
10.61 0 0
10.62 0 0
10.63 0 0
10.64 0 0
10.65 0 0
10.66 0 0
10.67 0 0
10.68 0 0
10.69 0 0
10.7 0 0
10.71 0 0
10.72 0 0
10.73 0 0
10.74 0 0
10.75 0 0
10.76 0 0
10.77 0 0
10.78 0 0
10.79 0 0
10.8 0 0
10.81 0 0
10.82 0 0
10.83 0 0
10.84 0 0
10.85 0 0
10.86 0 0
10.87 0 0
10.88 0 0
10.89 0 0
10.9 0 0
10.91 0 0
10.92 0 0
10.93 0 0
10.94 0 0
10.95 0 0
10.96 0 0
10.97 0 0
10.98 0 0
10.99 0 0
11 0 0
11.01 0 0
11.02 0 0
11.03 0 0
11.04 0 0
11.05 0 0
11.06 0 0
11.07 0 0
11.08 0 0
11.09 0 0
11.1 0 0
11.11 0 0
11.12 0 0
11.13 0 0
11.14 0 0
11.15 0 0
11.16 0 0
11.17 0 0
11.18 0 0
11.19 0 0
11.2 0 0
11.21 0 0
11.22 0 0
11.23 0 0
11.24 0 0
11.25 0 0
11.26 0 0
11.27 0 0
11.28 0 0
11.29 0 0
11.3 0 0
11.31 0 0
11.32 0 0
11.33 0 0
11.34 0 0
11.35 0 0
11.36 0 0
11.37 0 0
11.38 0 0
11.39 0 0
11.4 0 0
11.41 0 0
11.42 0 0
11.43 0 0
11.44 0 0
11.45 0 0
11.46 0 0
11.47 0 0
11.48 0 0
11.49 0 0
11.5 0 0
11.51 0 0
11.52 0 0
11.53 0 0
11.54 0 0
11.55 0 0
11.56 0 0
11.57 0 0
11.58 0 0
11.59 0 0
11.6 0 0
11.61 0 0
11.62 0 0
11.63 0 0
11.64 0 0
11.65 0 0
11.66 0 0
11.67 0 0
11.68 0 0
11.69 0 0
11.7 0 0
11.71 0 0
11.72 0 0
11.73 0 0
11.74 0 0
11.75 0 0
11.76 0 0
11.77 0 0
11.78 0 0
11.79 0 0
11.8 0 0
11.81 0 0
11.82 0 0
11.83 0 0
11.84 0 0
11.85 0 0
11.86 0 0
11.87 0 0
11.88 0 0
11.89 0 0
11.9 0 0
11.91 0 0
11.92 0 0
11.93 0 0
11.94 0 0
11.95 0 0
11.96 0 0
11.97 0 0
11.98 0 0
11.99 0 0
12 0 0
12.01 0 0
12.02 0 0
12.03 0 0
12.04 0 0
12.05 0 0
12.06 0 0
12.07 0 0
12.08 0 0
12.09 0 0
12.1 0 0
12.11 0 0
12.12 0 0
12.13 0 0
12.14 0 0
12.15 0 0
12.16 0 0
12.17 0 0
12.18 0 0
12.19 0 0
12.2 0 0
12.21 0 0
12.22 0 0
12.23 0 0
12.24 0 0
12.25 0 0
12.26 0 0
12.27 0 0
12.28 0 0
12.29 0 0
12.3 0 0
12.31 0 0
12.32 0 0
12.33 0 0
12.34 0 0
12.35 0 0
12.36 0 0
12.37 0 0
12.38 0 0
12.39 0 0
12.4 0 0
12.41 0 0
12.42 0 0
12.43 0 0
12.44 0 0
12.45 0 0
12.46 0 0
12.47 0 0
12.48 0 0
12.49 0 0
12.5 0 0
12.51 0 0
12.52 0 0
12.53 0 0
12.54 0 0
12.55 0 0
12.56 0 0
12.57 0 0
12.58 0 0
12.59 0 0
12.6 0 0
12.61 0 0
12.62 0 0
12.63 0 0
12.64 0 0
12.65 0 0
12.66 0 0
12.67 0 0
12.68 0 0
12.69 0 0
12.7 0 0
12.71 0 0
12.72 0 0
12.73 0 0
12.74 0 0
12.75 0 0
12.76 0 0
12.77 0 0
12.78 0 0
12.79 0 0
12.8 0 0
12.81 0 0
12.82 0 0
12.83 0 0
12.84 0 0
12.85 0 0
12.86 0 0
12.87 0 0
12.88 0 0
12.89 0 0
12.9 0 0
12.91 0 0
12.92 0 0
12.93 0 0
12.94 0 0
12.95 0 0
12.96 0 0
12.97 0 0
12.98 0 0
12.99 0 0
13 0 0
13.01 0 0
13.02 0 0
13.03 0 0
13.04 0 0
13.05 0 0
13.06 0 0
13.07 0 0
13.08 0 0
13.09 0 0
13.1 0 0
13.11 0 0
13.12 0 0
13.13 0 0
13.14 0 0
13.15 0 0
13.16 0 0
13.17 0 0
13.18 0 0
13.19 0 0
13.2 0 0
13.21 0 0
13.22 0 0
13.23 0 0
13.24 0 0
13.25 0 0
13.26 0 0
13.27 0 0
13.28 0 0
13.29 0 0
13.3 0 0
13.31 0 0
13.32 0 0
13.33 0 0
13.34 0 0
13.35 0 0
13.36 0 0
13.37 0 0
13.38 0 0
13.39 0 0
13.4 0 0
13.41 0 0
13.42 0 0
13.43 0 0
13.44 0 0
13.45 0 0
13.46 0 0
13.47 0 0
13.48 0 0
13.49 0 0
13.5 0 0
13.51 0 0
13.52 0 0
13.53 0 0
13.54 0 0
13.55 0 0
13.56 0 0
13.57 0 0
13.58 0 0
13.59 0 0
13.6 0 0
13.61 0 0
13.62 0 0
13.63 0 0
13.64 0 0
13.65 0 0
13.66 0 0
13.67 0 0
13.68 0 0
13.69 0 0
13.7 0 0
13.71 0 0
13.72 0 0
13.73 0 0
13.74 0 0
13.75 0 0
13.76 0 0
13.77 0 0
13.78 0 0
13.79 0 0
13.8 0 0
13.81 0 0
13.82 0 0
13.83 0 0
13.84 0 0
13.85 0 0
13.86 0 0
13.87 0 0
13.88 0 0
13.89 0 0
13.9 0 0
13.91 0 0
13.92 0 0
13.93 0 0
13.94 0 0
13.95 0 0
13.96 0 0
13.97 0 0
13.98 0 0
13.99 0 0
14 0 0
14.01 0 0
14.02 0 0
14.03 0 0
14.04 0 0
14.05 0 0
14.06 0 0
14.07 0 0
14.08 0 0
14.09 0 0
14.1 0 0
14.11 0 0
14.12 0 0
14.13 0 0
14.14 0 0
14.15 0 0
14.16 0 0
14.17 0 0
14.18 0 0
14.19 0 0
14.2 0 0
14.21 0 0
14.22 0 0
14.23 0 0
14.24 0 0
14.25 0 0
14.26 0 0
14.27 0 0
14.28 0 0
14.29 0 0
14.3 0 0
14.31 0 0
14.32 0 0
14.33 0 0
14.34 0 0
14.35 0 0
14.36 0 0
14.37 0 0
14.38 0 0
14.39 0 0
14.4 0 0
14.41 0 0
14.42 0 0
14.43 0 0
14.44 0 0
14.45 0 0
14.46 0 0
14.47 0 0
14.48 0 0
14.49 0 0
14.5 0 0
14.51 0 0
14.52 0 0
14.53 0 0
14.54 0 0
14.55 0 0
14.56 0 0
14.57 0 0
14.58 0 0
14.59 0 0
14.6 0 0
14.61 0 0
14.62 0 0
14.63 0 0
14.64 0 0
14.65 0 0
14.66 0 0
14.67 0 0
14.68 0 0
14.69 0 0
14.7 0 0
14.71 0 0
14.72 0 0
14.73 0 0
14.74 0 0
14.75 0 0
14.76 0 0
14.77 0 0
14.78 0 0
14.79 0 0
14.8 0 0
14.81 0 0
14.82 0 0
14.83 0 0
14.84 0 0
14.85 0 0
14.86 0 0
14.87 0 0
14.88 0 0
14.89 0 0
14.9 0 0
14.91 0 0
14.92 0 0
14.93 0 0
14.94 0 0
14.95 0 0
14.96 0 0
14.97 0 0
14.98 0 0
14.99 0 0
15 0 0
15.01 0 0
15.02 0 0
15.03 0 0
15.04 0 0
15.05 0 0
15.06 0 0
15.07 0 0
15.08 0 0
15.09 0 0
15.1 0 0
15.11 0 0
15.12 0 0
15.13 0 0
15.14 0 0
15.15 0 0
15.16 0 0
15.17 0 0
15.18 0 0
15.19 0 0
15.2 0 0
15.21 0 0
15.22 0 0
15.23 0 0
15.24 0 0
15.25 0 0
15.26 0 0
15.27 0 0
15.28 0 0
15.29 0 0
15.3 0 0
15.31 0 0
15.32 0 0
15.33 0 0
15.34 0 0
15.35 0 0
15.36 0 0
15.37 0 0
15.38 0 0
15.39 0 0
15.4 0 0
15.41 0 0
15.42 0 0
15.43 0 0
15.44 0 0
15.45 0 0
15.46 0 0
15.47 0 0
15.48 0 0
15.49 0 0
15.5 0 0
15.51 0 0
15.52 0 0
15.53 0 0
15.54 0 0
15.55 0 0
15.56 0 0
15.57 0 0
15.58 0 0
15.59 0 0
15.6 0 0
15.61 0 0
15.62 0 0
15.63 0 0
15.64 0 0
15.65 0 0
15.66 0 0
15.67 0 0
15.68 0 0
15.69 0 0
15.7 0 0
15.71 0 0
15.72 0 0
15.73 0 0
15.74 0 0
15.75 0 0
15.76 0 0
15.77 0 0
15.78 0 0
15.79 0 0
15.8 0 0
15.81 0 0
15.82 0 0
15.83 0 0
15.84 0 0
15.85 0 0
15.86 0 0
15.87 0 0
15.88 0 0
15.89 0 0
15.9 0 0
15.91 0 0
15.92 0 0
15.93 0 0
15.94 0 0
15.95 0 0
15.96 0 0
15.97 0 0
15.98 0 0
15.99 0 0
16 0 0
16.01 0 0
16.02 0 0
16.03 0 0
16.04 0 0
16.05 0 0
16.06 0 0
16.07 0 0
16.08 0 0
16.09 0 0
16.1 0 0
16.11 0 0
