0 9.0737059833 -2.6492064597
0.01 9.0737059833 -2.6492064597
0.02 9.0612350255 -2.63907685775
0.03 9.040457579 -2.6221883861
0.04 9.01138538075 -2.598533457
0.05 8.9740358732 -2.5681036476
0.06 8.92843318433333 -2.530891828
0.07 8.87460934171428 -2.48689480114286
0.08 8.81260569025 -2.436116379
0.09 8.74247447533333 -2.37857081444444
0.1 8.6642805491 -2.3142864958
0.11 8.578103153 -2.24330979809091
0.12 8.48403772833333 -2.16570898733333
0.13 8.38219770230769 -2.08157806330769
0.14 8.27271620071429 -1.99104042978571
0.15 8.15574763533333 -1.89425228173333
0.16 8.031469110625 -1.7914056029375
0.17 7.90008162058824 -1.68273067547059
0.18 7.76181097111111 -1.56849801088889
0.19 7.61690840947368 -1.44901962568421
0.2 7.465650917 -1.3246495956
0.21 7.30834114857143 -1.19578383980952
0.22 7.14530699454545 -1.06285910259091
0.23 6.97690076086957 -0.926351116434783
0.24 6.80349795916667 -0.78677195025
0.25 6.6254957212 -0.64466656344
0.26 6.44331084230769 -0.500608605961538
0.27 6.25737748592593 -0.35519552082963
0.28 6.06814456928571 -0.209043023775
0.29 5.8760728762069 -0.062779048162069
0.3 5.68163193266667 0.08296274147
0.31 5.48529669806452 0.227549753351613
0.32 5.2875441246875 0.37035746646875
0.33 5.08884963757576 0.510776492393939
0.34 4.88968360117647 0.648219566735294
0.35 4.69050782628571 0.782128334971429
0.36 4.49177217888889 0.911979798777778
0.37 4.29391135108108 1.03729229375676
0.38 4.09734184842105 1.15763087678947
0.39 3.90245924410256 1.27261201112821
0.4 3.7096357505 1.381907449925
0.41 3.51921814902439 1.485247234
0.42 3.33152610880952 1.58242173578571
0.43 3.14685092697674 1.67328270044186
0.44 2.96545470568182 1.75774325436364
0.45 2.78756997822222 1.8357768722
0.46 2.61339978369565 1.90741531419565
0.47 2.44311818723404 1.97274556682979
0.48 2.2768712225 2.0319058405
0.49 2.11477824081633 2.08508069693878
0.5 1.95693362628 2.1324953994
0.51 1.80340884139216 2.17440959137255
0.52 1.65425475469231 2.21111043057692
0.53 1.50950419875472 2.24290531075472
0.54 1.36917470072222 2.27011431740741
0.55 1.23327132550909 2.29306256927273
0.56 1.10178956846429 2.31207260142857
0.57 0.974718234070176 2.32745694578947
0.58 0.852042237103448 2.33951106206897
0.59 0.733745264949152 2.34850676745763
0.6 0.619812242116667 2.35468630383333
0.61 0.510231542819672 2.35825716901639
0.62 0.404996902580645 2.35938782290323
0.63 0.30410898615873 2.35820436730159
0.64 0.207576576859375 2.35478827109375
0.65 0.115417360003077 2.34917519953846
0.66 0.0276582823484849 2.34135497818182
0.67 -0.0556645215850746 2.3312727019403
0.68 -0.134506236042647 2.31883097647059
0.69 -0.208814293492754 2.30389325318841
0.7 -0.2785297079 2.286288198
0.71 -0.343588783535211 2.26581501225352
0.72 -0.403925162888889 2.24224960263889
0.73 -0.459472168890411 2.21535147876712
0.74 -0.510165390513514 2.18487124067568
0.75 -0.55594545428 2.1505585056
0.76 -0.596760919763158 2.11217011065789
0.77 -0.632571233714286 2.06947842350649
0.78 -0.663349675192308 2.02227958512821
0.79 -0.689086223240506 1.9704015113924
0.8 -0.7097902795375 1.9137114815
0.81 -0.725493180061728 1.85212314617284
0.82 -0.736250433743902 1.78560280097561
0.83 -0.74214363026506 1.71417478012048
0.84 -0.7432819655 1.63792584464286
0.85 -0.739803339882353 1.55700845364706
0.86 -0.731874993104651 1.47164283197674
0.87 -0.719693647390805 1.38211776770115
0.88 -0.703485140886364 1.28879009818182
0.89 -0.683503542955056 1.19208286808989
0.9 -0.660029752911111 1.09248216864444
0.91 -0.633369594263736 0.990532693340659
0.92 -0.603851426576087 0.886832070641304
0.93 -0.571823306451613 0.782024057537634
0.94 -0.537649738882979 0.676790701595745
0.95 -0.501708067884211 0.571843599505263
0.96 -0.464384563614583 0.467914398552083
0.97 -0.42607026885567 0.365744703061856
0.98 -0.387156673693878 0.266075560836735
0.99 -0.348031290606061 0.169636713575758
1 -0.30907320497 0.077135801232
1.01 -0.270648677148515 -0.0107522874128713
1.02 -0.233106871843137 -0.0933957274833333
1.03 -0.196775788475728 -0.170215548495146
1.04 -0.161958463355769 -0.240694725942308
1.05 -0.128929509552381 -0.304386409457143
1.06 -0.0979320544150943 -0.360921138443396
1.07 -0.0691751277401869 -0.41001291417757
1.08 -0.0428315454046296 -0.451464018527778
1.09 -0.0190363241146789 -0.485168491963303
1.1 0.00211434658027273 -0.5111142085
1.11 0.0205635592432432 -0.529383511036036
1.12 0.0362935651892857 -0.540152397044643
1.13 0.0493250782070797 -0.543688271557522
1.14 0.059716021295614 -0.540346310798246
1.15 0.0675597426295652 -0.530564505495652
1.16 0.0729827367025862 -0.514857477551724
1.17 0.0761419156871795 -0.493809185974359
1.18 0.0772214842381356 -0.468064658822034
1.19 0.076429478312605 -0.438320905831933
1.2 0.0739940334008333 -0.405317177808333
1.21 0.0701594593198347 -0.36982477261157
1.22 0.0651815410442623 -0.332634492213115
1.23 0.0593202103520325 -0.294535942723577
1.24 0.0528333816266129 -0.256300896153226
1.25 0.0459725321664 -0.218672272552
1.26 0.0389784933111111 -0.182353693079365
1.27 0.0320774983700787 -0.147999722464567
1.28 0.0254775749726563 -0.116206928765625
1.29 0.0193646914573643 -0.0875058859457364
1.3 0.0138983209853846 -0.0623531106476923
1.31 0.00921485760458015 -0.0411266345496183
1.32 0.00542290162568182 -0.0241232173174242
1.33 0.00260171486323308 -0.0115567967661654
1.34 0.000793778647164179 -0.00352723876940299
1.35 4.65198084488889e-05 -0.000207184224785185
1.36 -2.40212748176471e-06 1.07071063617647e-05
1.37 -4.53171661313869e-07 2.01527825321168e-06
1.38 -1.67598789521739e-12 2.88458051804348e-12
1.39 0 0
1.4 0 0
1.41 0 0
1.42 0 0
1.43 0 0
1.44 0 0
1.45 0 0
1.46 0 0
1.47 0 0
1.48 0 0
1.49 0 0
1.5 0 0
1.51 0 0
1.52 0 0
1.53 0 0
1.54 0 0
1.55 0 0
1.56 0 0
1.57 0 0
1.58 0 0
1.59 0 0
1.6 0 0
1.61 0 0
1.62 0 0
1.63 0 0
1.64 0 0
1.65 0 0
1.66 0 0
1.67 0 0
1.68 0 0
1.69 0 0
1.7 0 0
1.71 0 0
1.72 0 0
1.73 0 0
1.74 0 0
1.75 0 0
1.76 0 0
1.77 0 0
1.78 0 0
1.79 0 0
1.8 0 0
1.81 0 0
1.82 0 0
1.83 0 0
1.84 0 0
1.85 0 0
1.86 0 0
1.87 0 0
1.88 0 0
1.89 0 0
1.9 0 0
1.91 0 0
1.92 0 0
1.93 0 0
1.94 0 0
1.95 0 0
1.96 0 0
1.97 0 0
1.98 0 0
1.99 0 0
2 0 0
2.01 0 0
2.02 0 0
2.03 0 0
2.04 0 0
2.05 0 0
2.06 0 0
2.07 0 0
2.08 0 0
2.09 0 0
2.1 0 0
2.11 0 0
2.12 0 0
2.13 0 0
2.14 0 0
2.15 0 0
2.16 0 0
2.17 0 0
2.18 0 0
2.19 0 0
2.2 0 0
2.21 0 0
2.22 0 0
2.23 0 0
2.24 0 0
2.25 0 0
2.26 0 0
2.27 0 0
2.28 0 0
2.29 0 0
2.3 0 0
2.31 0 0
2.32 0 0
2.33 0 0
2.34 0 0
2.35 0 0
2.36 0 0
2.37 0 0
2.38 0 0
2.39 0 0
2.4 0 0
2.41 0 0
2.42 0 0
2.43 0 0
2.44 0 0
2.45 0 0
2.46 0 0
2.47 0 0
2.48 0 0
2.49 0 0
2.5 0 0
2.51 0 0
2.52 0 0
2.53 0 0
2.54 0 0
2.55 0 0
2.56 0 0
2.57 0 0
2.58 0 0
2.59 0 0
2.6 0 0
2.61 0 0
2.62 0 0
2.63 0 0
2.64 0 0
2.65 0 0
2.66 0 0
2.67 0 0
2.68 0 0
2.69 0 0
2.7 0 0
2.71 0 0
2.72 0 0
2.73 0 0
2.74 0 0
2.75 0 0
2.76 0 0
2.77 0 0
2.78 0 0
2.79 0 0
2.8 0 0
2.81 0 0
2.82 0 0
2.83 0 0
2.84 0 0
2.85 0 0
2.86 0 0
2.87 0 0
2.88 0 0
2.89 0 0
2.9 0 0
2.91 0 0
2.92 0 0
2.93 0 0
2.94 0 0
2.95 0 0
2.96 0 0
2.97 0 0
2.98 0 0
2.99 0 0
3 0 0
3.01 0 0
3.02 0 0
3.03 0 0
3.04 0 0
3.05 0 0
3.06 0 0
3.07 0 0
3.08 0 0
3.09 0 0
3.1 0 0
3.11 0 0
3.12 0 0
3.13 0 0
3.14 0 0
3.15 0 0
3.16 0 0
3.17 0 0
3.18 0 0
3.19 0 0
3.2 0 0
3.21 0 0
3.22 0 0
3.23 0 0
3.24 0 0
3.25 0 0
3.26 0 0
3.27 0 0
3.28 0 0
3.29 0 0
3.3 0 0
3.31 0 0
3.32 0 0
3.33 0 0
3.34 0 0
3.35 0 0
3.36 0 0
3.37 0 0
3.38 0 0
3.39 0 0
3.4 0 0
3.41 0 0
3.42 0 0
3.43 0 0
3.44 0 0
3.45 0 0
3.46 0 0
3.47 0 0
3.48 0 0
3.49 0 0
3.5 0 0
3.51 0 0
3.52 0 0
3.53 0 0
3.54 0 0
3.55 0 0
3.56 0 0
3.57 0 0
3.58 0 0
3.59 0 0
3.6 0 0
3.61 0 0
3.62 0 0
3.63 0 0
3.64 0 0
3.65 0 0
3.66 0 0
3.67 0 0
3.68 0 0
3.69 0 0
3.7 0 0
3.71 0 0
3.72 0 0
3.73 0 0
3.74 0 0
3.75 0 0
3.76 0 0
3.77 0 0
3.78 0 0
3.79 0 0
3.8 0 0
3.81 0 0
3.82 0 0
3.83 0 0
3.84 0 0
3.85 0 0
3.86 0 0
3.87 0 0
3.88 0 0
3.89 0 0
3.9 0 0
3.91 0 0
3.92 0 0
3.93 0 0
3.94 0 0
3.95 0 0
3.96 0 0
3.97 0 0
3.98 0 0
3.99 0 0
4 0 0
4.01 0 0
4.02 0 0
4.03 0 0
4.04 0 0
4.05 0 0
4.06 0 0
4.07 0 0
4.08 0 0
4.09 0 0
4.1 0 0
4.11 0 0
4.12 0 0
4.13 0 0
4.14 0 0
4.15 0 0
4.16 0 0
4.17 0 0
4.18 0 0
4.19 0 0
4.2 0 0
4.21 0 0
4.22 0 0
4.23 0 0
4.24 0 0
4.25 0 0
4.26 0 0
4.27 0 0
4.28 0 0
4.29 0 0
4.3 0 0
4.31 0 0
4.32 0 0
4.33 0 0
4.34 0 0
4.35 0 0
4.36 0 0
4.37 0 0
4.38 0 0
4.39 0 0
4.4 0 0
4.41 0 0
4.42 0 0
4.43 0 0
4.44 0 0
4.45 0 0
4.46 0 0
4.47 0 0
4.48 0 0
4.49 0 0
4.5 0 0
4.51 0 0
4.52 0 0
4.53 0 0
4.54 0 0
4.55 0 0
4.56 0 0
4.57 0 0
4.58 0 0
4.59 0 0
4.6 0 0
4.61 0 0
4.62 0 0
4.63 0 0
4.64 0 0
4.65 0 0
4.66 0 0
4.67 0 0
4.68 0 0
4.69 0 0
4.7 0 0
4.71 0 0
4.72 0 0
4.73 0 0
4.74 0 0
4.75 0 0
4.76 0 0
4.77 0 0
4.78 0 0
4.79 0 0
4.8 0 0
4.81 0 0
4.82 0 0
4.83 0 0
4.84 0 0
4.85 0 0
4.86 0 0
4.87 0 0
4.88 0 0
4.89 0 0
4.9 0 0
4.91 0 0
4.92 0 0
4.93 0 0
4.94 0 0
4.95 0 0
4.96 0 0
4.97 0 0
4.98 0 0
4.99 0 0
5 0 0
5.01 0 0
5.02 0 0
5.03 0 0
5.04 0 0
5.05 0 0
5.06 0 0
5.07 0 0
5.08 0 0
5.09 0 0
5.1 0 0
5.11 0 0
5.12 0 0
5.13 0 0
5.14 0 0
5.15 0 0
5.16 0 0
5.17 0 0
5.18 0 0
5.19 0 0
5.2 0 0
5.21 0 0
5.22 0 0
5.23 0 0
5.24 0 0
5.25 0 0
5.26 0 0
5.27 0 0
5.28 0 0
5.29 0 0
5.3 0 0
5.31 0 0
5.32 0 0
5.33 0 0
5.34 0 0
5.35 0 0
5.36 0 0
5.37 0 0
5.38 0 0
5.39 0 0
5.4 0 0
5.41 0 0
5.42 0 0
5.43 0 0
5.44 0 0
5.45 0 0
5.46 0 0
5.47 0 0
5.48 0 0
5.49 0 0
5.5 0 0
5.51 0 0
5.52 0 0
5.53 0 0
5.54 0 0
5.55 0 0
5.56 0 0
5.57 0 0
5.58 0 0
5.59 0 0
5.6 0 0
5.61 0 0
5.62 0 0
5.63 0 0
5.64 0 0
5.65 0 0
5.66 0 0
5.67 0 0
5.68 0 0
5.69 0 0
5.7 0 0
5.71 0 0
5.72 0 0
5.73 0 0
5.74 0 0
5.75 0 0
5.76 0 0
5.77 0 0
5.78 0 0
5.79 0 0
5.8 0 0
5.81 0 0
5.82 0 0
5.83 0 0
5.84 0 0
5.85 0 0
5.86 0 0
5.87 0 0
5.88 0 0
5.89 0 0
5.9 0 0
5.91 0 0
5.92 0 0
5.93 0 0
5.94 0 0
5.95 0 0
5.96 0 0
5.97 0 0
5.98 0 0
5.99 0 0
6 0 0
6.01 0 0
6.02 0 0
6.03 0 0
6.04 0 0
6.05 0 0
6.06 0 0
6.07 0 0
6.08 0 0
6.09 0 0
6.1 0 0
6.11 0 0
6.12 0 0
6.13 0 0
6.14 0 0
6.15 0 0
6.16 0 0
6.17 0 0
6.18 0 0
6.19 0 0
6.2 0 0
6.21 0 0
6.22 0 0
6.23 0 0
6.24 0 0
6.25 0 0
6.26 0 0
6.27 0 0
6.28 0 0
6.29 0 0
6.3 0 0
6.31 0 0
6.32 0 0
6.33 0 0
6.34 0 0
6.35 0 0
6.36 0 0
6.37 0 0
6.38 0 0
6.39 0 0
6.4 0 0
6.41 0 0
6.42 0 0
6.43 0 0
6.44 0 0
6.45 0 0
6.46 0 0
6.47 0 0
6.48 0 0
6.49 0 0
6.5 0 0
6.51 0 0
6.52 0 0
6.53 0 0
6.54 0 0
6.55 0 0
6.56 0 0
6.57 0 0
6.58 0 0
6.59 0 0
6.6 0 0
6.61 0 0
6.62 0 0
6.63 0 0
6.64 0 0
6.65 0 0
6.66 0 0
6.67 0 0
6.68 0 0
6.69 0 0
6.7 0 0
6.71 0 0
6.72 0 0
6.73 0 0
6.74 0 0
6.75 0 0
6.76 0 0
6.77 0 0
6.78 0 0
6.79 0 0
6.8 0 0
6.81 0 0
6.82 0 0
6.83 0 0
6.84 0 0
6.85 0 0
6.86 0 0
6.87 0 0
6.88 0 0
6.89 0 0
6.9 0 0
6.91 0 0
6.92 0 0
6.93 0 0
6.94 0 0
6.95 0 0
6.96 0 0
6.97 0 0
6.98 0 0
6.99 0 0
7 0 0
7.01 0 0
7.02 0 0
7.03 0 0
7.04 0 0
7.05 0 0
7.06 0 0
7.07 0 0
7.08 0 0
7.09 0 0
7.1 0 0
7.11 0 0
7.12 0 0
7.13 0 0
7.14 0 0
7.15 0 0
7.16 0 0
7.17 0 0
7.18 0 0
7.19 0 0
7.2 0 0
7.21 0 0
7.22 0 0
7.23 0 0
7.24 0 0
7.25 0 0
7.26 0 0
7.27 0 0
7.28 0 0
7.29 0 0
7.3 0 0
7.31 0 0
7.32 0 0
7.33 0 0
7.34 0 0
7.35 0 0
7.36 0 0
7.37 0 0
7.38 0 0
7.39 0 0
7.4 0 0
7.41 0 0
7.42 0 0
7.43 0 0
7.44 0 0
7.45 0 0
7.46 0 0
7.47 0 0
7.48 0 0
7.49 0 0
7.5 0 0
7.51 0 0
7.52 0 0
7.53 0 0
7.54 0 0
7.55 0 0
7.56 0 0
7.57 0 0
7.58 0 0
7.59 0 0
7.6 0 0
7.61 0 0
7.62 0 0
7.63 0 0
7.64 0 0
7.65 0 0
7.66 0 0
7.67 0 0
7.68 0 0
7.69 0 0
7.7 0 0
7.71 0 0
7.72 0 0
7.73 0 0
7.74 0 0
7.75 0 0
7.76 0 0
7.77 0 0
7.78 0 0
7.79 0 0
7.8 0 0
7.81 0 0
7.82 0 0
7.83 0 0
7.84 0 0
7.85 0 0
7.86 0 0
7.87 0 0
7.88 0 0
7.89 0 0
7.9 0 0
7.91 0 0
7.92 0 0
7.93 0 0
7.94 0 0
7.95 0 0
7.96 0 0
7.97 0 0
7.98 0 0
7.99 0 0
8 0 0
8.01 0 0
8.02 0 0
8.03 0 0
8.04 0 0
8.05 0 0
8.06 0 0
8.07 0 0
8.08 0 0
8.09 0 0
8.1 0 0
8.11 0 0
8.12 0 0
8.13 0 0
8.14 0 0
8.15 0 0
8.16 0 0
8.17 0 0
8.18 0 0
8.19 0 0
8.2 0 0
8.21 0 0
8.22 0 0
8.23 0 0
8.24 0 0
8.25 0 0
8.26 0 0
8.27 0 0
8.28 0 0
8.29 0 0
8.3 0 0
8.31 0 0
8.32 0 0
8.33 0 0
8.34 0 0
8.35 0 0
8.36 0 0
8.37 0 0
8.38 0 0
8.39 0 0
8.4 0 0
8.41 0 0
8.42 0 0
8.43 0 0
8.44 0 0
8.45 0 0
8.46 0 0
8.47 0 0
8.48 0 0
8.49 0 0
8.5 0 0
8.51 0 0
8.52 0 0
8.53 0 0
8.54 0 0
8.55 0 0
8.56 0 0
8.57 0 0
8.58 0 0
8.59 0 0
8.6 0 0
8.61 0 0
8.62 0 0
8.63 0 0
8.64 0 0
8.65 0 0
8.66 0 0
8.67 0 0
8.68 0 0
8.69 0 0
8.7 0 0
8.71 0 0
8.72 0 0
8.73 0 0
8.74 0 0
8.75 0 0
8.76 0 0
8.77 0 0
8.78 0 0
8.79 0 0
8.8 0 0
8.81 0 0
8.82 0 0
8.83 0 0
8.84 0 0
8.85 0 0
8.86 0 0
8.87 0 0
8.88 0 0
8.89 0 0
8.9 0 0
8.91 0 0
8.92 0 0
8.93 0 0
8.94 0 0
8.95 0 0
8.96 0 0
8.97 0 0
8.98 0 0
8.99 0 0
9 0 0
9.01 0 0
9.02 0 0
9.03 0 0
9.04 0 0
9.05 0 0
9.06 0 0
9.07 0 0
9.08 0 0
9.09 0 0
9.1 0 0
9.11 0 0
9.12 0 0
9.13 0 0
9.14 0 0
9.15 0 0
9.16 0 0
9.17 0 0
9.18 0 0
9.19 0 0
9.2 0 0
9.21 0 0
9.22 0 0
9.23 0 0
9.24 0 0
9.25 0 0
9.26 0 0
9.27 0 0
9.28 0 0
9.29 0 0
9.3 0 0
9.31 0 0
9.32 0 0
9.33 0 0
