-0.0016008652417717813 -0.0037621277548900867 -0.014227600159103907
0.0053752592497943452 0.00018011643592181513 -0.0072652801280091535
0.0093444095904134002 0.015448432385099622 -0.010065303412956091
0.0085644537640994986 -0.0011548744756055432 0.00034792688984363392
0.0042289708564694287 0.0052487720222546795 -0.0042388269725209737
-0.010771233610726181 -0.016237577500128862 -0.0017825510709259676
-0.0084173510728633646 -0.0024832425250091352 -0.0047103826789620636
-0.0093301218088417126 -0.01025124792521199 -0.0018244148287386254
-0.015463734807557807 0.0006539351596732151 -0.013461059998465356
0.01714797237971627 0.0065393457078743089 -0.0070510768351090269
0.00088376490313488837 0.0080019612607151059 -0.0034380764212829703
-0.010539460496475719 0.0046976131994489103 -0.010176590557076669
0.0065514198298768306 -0.0029268223053516549 -0.014211309028933153
-0.0012925308231094383 -0.001498985330642753 0.00023442030856909218
-0.001891322022666406 0.00030054076257633803 0.00094845613898561813
-0.016700389667664416 -0.017175142198956696 0.0024749765387927216
0.0089589084816725228 0.013373649587062917 -0.0081885611199287965
0.012419679269546364 -0.0034910852109696737 0.0010673363768568143
0.0096219626158644458 0.0042951370037080192 0.0048241802749261998
0.0045036900585455446 -0.0036031518257858921 -0.011435461715926586
0.0016588044765517979 0.0019303159095705213 0.00056165540668973353
0.0069854765623156862 -0.00088327126374044597 -0.0014281436901211935
-0.019539620200146553 0.0043021815889044968 -0.007467277903331032
-0.0029765228051112117 -0.014124099107491185 0.013357982731408181
0.00023309023463904252 -0.0088275591781280475 0.015829970423573335
-0.00047937218231452859 0.0040262962398208511 0.0089439571932971931
0.007900741768356763 -0.0037710886684573525 -0.0039168280147472328
-0.018997703008848465 -0.0081418096905373789 -0.0088845220981675598
-0.0053547972969095053 -0.0074654711555720982 0.0069847542526782934
-0.014202427887335979 -0.011553721014515001 -0.0047609009002781387
0.0029816755301535448 -0.0036846688714670967 0.015315046165319285
0.011184898679943156 -0.0083720730096027152 0.0088166008256058241
-0.00060958772164990333 0.012083147054268611 -0.0025978322955766608
-0.00736031487850423 -0.0071180025077707716 -0.006931816375199437
-0.0036440364219087994 -0.0081009248017669695 0.0024782791734849772
0.0090876523318610299 -0.0010654310461839323 0.012329305130677738
-0.0093939504234292343 -0.0015928943844116929 -0.0039739641324584131
0.010636010496984439 0.0035901606013150466 0.0062907917298792694
0.0071298254090911414 0.0071282802866540016 -0.0050751410560524674
-0.011528159440873643 0.0097397704766284555 0.0036356107793324944
-0.0032528891797931024 -0.00054847756647769625 -0.0037040090309118567
-0.008476172204197132 0.0081394805018121796 -0.0050968677174096583
0.016520820479660005 0.0027344391059313487 0.013794121697592254
-0.0018341995401283467 -0.019383535561698906 0.012977315148235056
0.014098425815138449 -0.01143378286793246 0.003280479410238144
0.0095808352316589136 0.0010259588837563394 -0.0078347088751577979
-0.016699784639105091 0.002847873226656257 0.0067828907526330971
-0.00022565216572965731 -0.017434773882052525 0.0084842504460304335
0.0031918962601808903 -0.0058820983731842288 0.0064562161874769973
-0.0017485568177841131 -7.113678436763465e-05 0.00063444870600688687
-0.0035858279443498012 -0.014072424610554629 0.020527730334699713
-0.018316486082011099 0.0058958795485610661 -0.0020966335449686653
0.00033694300766983273 0.00086582021367560813 0.038674384784218717
0.00077896833154428638 0.0021960308248887405 -0.0030989937433123444
0.0017969400048110026 0.0056989590413627595 -0.0055278145578775521
-0.0051851134877208592 -0.010531899313325368 -0.015342770283768788
-0.010363277888087385 -0.0026654701638263306 0.012323902040021786
-0.011592049566115351 -0.0025845378487263197 -0.0021939444887965299
-0.0010746157056193493 0.011419072191315802 0.0068042140889621365
0.0027084345367491477 0.0030048605328588437 0.0044819726305607458
0.00097040707364930482 -0.00076046103670635208 -0.0056917152306788414
0.015397143307668042 0.011151785802736762 0.029450279137026966
0.011470532646442783 -0.005437909795987305 -0.0091890320642038278
0.011855450519555815 0.010136202179618433 0.0087959187883217931
-0.0086053084583513767 -0.0087696449052872324 -0.0059512386538146745
0.0048914100537924797 -0.014558261884021229 -0.00084087456579721033
-0.0080866343665911902 0.0047283686958779171 -0.0094847276455446369
0.004938491110070168 -0.0010354407489099424 0.0068338598334581569
0.00066912728058765396 0.0094065202048767404 -0.010573579930049386
0.0013500580969794326 0.0067912782688410861 0.0024306754608047878
-0.0075101808865505534 0.0069330285216933421 0.0079317579953291917
-0.019741563202961252 0.0030622541143461111 0.0067625524072230459
0.015896101596438356 -0.012384014269856325 0.0098536148699356063
-0.0067441364512377394 -0.00052406555650100488 0.026026289186290668
-0.00021552189796838006 0.0090414433366244676 0.0088973905600067786
0.019228080422726435 -0.014621289915424241 0.0024115185651741545
-0.020657769810564566 -0.0022484398379838313 0.022825471235435504
0.0018467490529885736 -0.00076646347592254215 0.00060905971487213155
0.0082631981946177189 0.0026206210887241834 0.0073757347049423867
0.00053277760759113172 -0.0039165319081068527 -0.0017618849948121381
-0.0031702515906214855 -0.00091574730317754195 0.016732613337868834
-0.0060796594999023793 0.011032620158516833 0.0069581481811878667
0.0044426569797122633 0.0023615580016937395 0.010845765376428736
0.013745233555029822 -0.013863096100494909 -0.028087624032041892
-0.0037360273981088526 0.0017832584409251584 -0.0098430602100762765
-0.0027962898517936673 -0.0016395028149833546 0.005081166488346371
0.010717075224053694 0.0072720243885773302 -0.0011459096940630133
0.0083322865794343871 -0.0060926342508499879 -0.0046701002377013837
-0.016381564212715864 0.011854282887049808 -0.018578470553897795
-0.019944592456045306 0.0069685859227772168 -0.0029808103173555719
-0.0083276871586263762 -0.0036826742360602949 -0.003594494255206704
0.0066487793381567739 -0.0049461890293595687 -0.004596980286748628
0.008637001806658726 0.002248650474223091 -0.01089560586181376
-0.012891615510045175 -0.009301750128531296 0.01016711053377947
-0.01042831152462572 0.0021672458034066224 -0.0058774293314647116
-0.0042885390306137278 -0.0073784555135670057 -0.0045206466145685563
-0.017423386777257632 -0.025520498790444955 -0.0091059709504805707
-0.019609469565286884 0.010829175745641361 0.0065609413955409618
-0.018211822908549641 -0.0029128444035794298 0.015096375162611784
0.0039938431902556918 0.0014271872755941652 0.0015277417361149737
-0.0042878476345164932 0.0057260009221012705 0.009394113828455182
0.010418366523715557 0.0072990640166322052 -0.0056941759306913305
-0.0068194038391127636 0.0043138157613171807 -0.0055475428862371565
0.0060638528747780154 -0.0062631124125220611 -0.0064187547838844639
-0.005106427582565895 0.0020854648603450734 -0.0063446025999428302
0.021481159953959921 -0.011688803692972394 -0.010360903241992967
0.0091751857827280237 0.0052239076826170027 -0.002804265503411515
0.011522457676425353 -0.0058483657265407853 0.0054628091274342696
-0.0054114843583801964 -0.0085528941950863326 9.3013961835578576e-05
0.0052566380237227097 0.013698951222054013 0.0057251771767687911
-0.0022613935777795746 -0.004449745809185477 -0.013235663289064448
0.0014795782531455671 -0.0012871389834453516 0.011659003985506872
-0.00069212369552531041 0.0040726712555450434 0.0049078313725657184
0.012082861960141893 -0.003005317827343033 -0.0040097543526544559
0.0086700991057024092 -0.0087860113694200499 0.0078924443550831523
-0.00050712285930866994 0.0038367408114096408 -0.027473133130441099
-0.007665996344626079 -0.0034434454555718717 -0.00072375229612635405
-0.0058887985270253051 0.0023168526610170652 -0.0066228117871354438
-0.0024645195541453477 0.012879538113807485 0.0052318373391190024
0.0044467205186404382 0.0061331679946863057 -0.0077367148499906642
-0.0037365426233567957 -0.0017382936860256099 0.019082904405823123
0.0041864649378094386 -0.0059281433844809769 0.0081205896285866663
-0.00046418625066687718 0.0074281373004359327 -0.01194810029582033
-0.0083057810676871527 0.00076315203833910393 -0.0037588589444232283
-0.0034257574422889518 -0.00022602655755940746 0.0055228235118041395
0.0028769682621959678 0.0011015869177210585 0.0028106859801776589
-0.0047187434016367144 -0.0083440615551689853 -0.004130274784306563
0.022506874740704331 -0.0053029971352104828 -0.0046491680927209953
-0.0060948658409995075 0.0016198482293814621 -0.0047547706612194119
0.010008477269534721 -0.0015365026342267633 0.015199340552976436
0.012906527467831018 -0.00011052689332646645 -0.00032832356581922572
-0.0015550592530942375 0.0059536611968998201 0.013108801772373897
0.018355949742266946 0.0045594047532488049 0.012877079924366121
0.0088569714453028449 -0.0094304238628728394 -0.0024902716547154677
-0.0069654199789638462 0.014721181887567311 0.023082364638838972
-0.0034394190362836592 0.00076905656825733231 -0.0025285018440129878
0.0045994874710501114 -0.0041899597681545461 -0.0022386157510021982
0.0028578236955436567 -0.020059083156974626 -0.010020305833251166
0.0039388377005036591 0.031553571256725733 -0.0047883982586562858
0.00044007418405039698 -0.0016092327540486904 0.0090008312698569154
-0.0041225452884588523 -0.0041946133357212536 0.012300460875660887
-0.013308889098403411 -0.0039194100582831282 -0.0023285666526393816
-0.018347888072378176 -0.010915802578773044 -0.004630282283975746
0.0027170980904027559 0.006142555535206564 -0.0063548900204485658
-0.00062533435201463973 -0.011543964432136169 -0.0099760327966021429
-0.017102693069154684 0.01538565980534381 0.00011319063712760249
0.0081061622080066988 -0.015656217669852607 -0.0049989727036671393
-0.0064052137791312802 -0.0064213668994758649 0.019195693139370081
0.0082880673130477662 -0.01927419751405229 0.026746276603062957
0.024530930495158556 0.00086216165800603688 0.00055470876706206014
-0.0070279710375225068 0.016958498200801617 -0.0056759179460517074
-0.0075211698019396998 -0.0070834680071238856 0.0079908782942264955
0.022470550277431001 -0.0097433368895711598 0.013377085824765583
0.0049702510882475882 -0.00047082757748536356 0.0078804660315344235
0.003640366309325994 -0.0036668886355641951 0.0061571635835944325
-0.00015828850694498035 -0.01383537674837996 -0.0028220403183211286
0.0049207918672389064 -0.0072340075389273322 0.0053867289427582165
0.014022120779229878 -0.023219838474797052 -0.0012099556638962847
0.018210348179108625 -0.0024102825158034222 -0.0058441813721548152
-0.0023469361595938399 0.0091256242025225063 -0.0023500289016303282
-0.0029599935663946007 -0.0019605766740482828 0.012096652589524026
0.0015050461560327123 -0.017775848493424305 -0.0059426196136121547
-0.0041679195930815829 0.0080950205658572843 0.00021032443763838786
-0.0024136611644123944 -0.0052266446216795697 -0.0010193062404972785
-0.010331770141436342 -0.0049987659556712284 0.0033361593141630645
-0.0053887196758394002 0.0045825820930799925 0.011346667091777193
-0.01306302883980885 0.0032131986728302416 0.0031125924531483712
0.015425138899149989 -0.0030283986505012326 0.01441541992454543
-0.010820632879712322 -0.0064682176900167044 -0.0063621644539892238
-0.00086925313712857505 1.5960304055075342e-06 -0.0085767757339540434
0.0048589363570401434 0.0013350010473650485 0.0029029520925343039
-0.010127697717081205 0.0071190226821975511 0.026415173196821972
-0.0076482838448683945 0.005019218853873182 -0.003092858148053392
0.0048564414277099616 0.0011880996869402837 -0.0026519204824792123
0.0086985085165235936 -0.0028395234881704451 -0.0049545807116438498
0.0023593175285354208 -0.0025894921757687222 -0.00056396911397264772
-0.00077419008209757029 0.0054494305381848256 0.0049517310722510524
-0.0053283722364974489 -0.0070248965970533574 0.00093748890743698611
0.0013347933535302016 0.0082902140634736974 0.017549343622829946
-0.00054938407248315499 0.00093870334670389068 0.0041212345551126231
0.00023129508509115102 0.0023143731957715229 -0.0086766007319254521
-0.0013396850731838853 0.0022181085968179647 0.0049939237494046459
-2.0653668888022803e-06 -0.0023696410608412344 -0.0013480132923328115
-0.0013187911032021007 0.007045431874301092 -0.00060316050421891233
-0.0010704820957924124 -0.0001471947021173355 -0.0017736915451690679
-0.0077265721026043808 -0.0072072112963011709 -0.0054005138061448939
0.00051263029808715037 0.010489165911208916 0.0087738780684918586
-0.0019241409283130484 -0.002957390893803211 -0.0032483512165857953
0.0028643924797227289 0.0076600976924693243 0.0091010567904591909
-0.0038563320571063965 -0.000594024184586926 0.015211616082824685
-0.0030984604129378861 -0.01277489202312848 -0.0007568542671257749
0.0039164191186710192 -0.0062218998696651224 0.006403155536369446
-0.013222099247102425 0.0040183799320607297 -0.0007305778922896927
0.0015070020238893795 -0.00046106994700967184 -0.00093206276776930982
0.0092908112353297934 -0.0029282447355979437 0.0018815175264053317
0.0025152863449943883 -0.0025240096627379806 -0.0018000915822277185
-0.0014244040515414913 0.00023294089958453612 -0.0027895572673584503
0.00022021161894047572 -0.0020286285561427475 0.0025554274242359327
0.0041777038497507746 -0.0033828403147513741 0.0012458727167590075
0.0096613162573269407 -0.0013855845120674707 0.0010357803900342046
-0.001078344885446838 0.0026487449872639405 -0.0034256773435836696
-0.0053119643578261409 0.0015093188102167554 0.0036464041789939913
-7.8596757948008479e-05 0.0043641934888399066 0.0030912736312018311
-0.00033240001765121957 -0.0015502542103230362 0.00094447900533999182
-0.0020920542558810428 -0.0017983910054769335 0.0018397170812337669
0.0040670946834758734 -0.0030525251924692458 0.00028048991030637084
0.0078553911292750227 0.0022400732243917781 0.0068676160591135803
-0.00020108007584197012 0.0041843439611347882 -1.0159052422552361e-05
0.007658505502728747 0.0086550492144671313 -0.005186212821288858
-0.004549271989112944 -0.0082606062780298233 -0.00082866711705680072
0.0036259651943694382 -0.0052070815135975904 0.0066432311408745831
0.0018610008615695889 -0.0032815150168230868 -0.0085047985632165403
-0.001463331837470239 0.00091173801636104744 -0.0062244425111005379
-0.00088115621048119889 0.0042637177609183242 -0.0099673271326903446
0.0029718685416292704 -0.0053820868555885335 0.0049687142836288747
-0.0023923685357986912 -0.0019920090340994714 0.005577707160782419
-0.0033958155558163365 -0.00058872312811963847 -0.010468963556203659
-0.0038988459174049733 0.002479081835360092 -0.0015265038481301228
0.0058782804115943207 -0.00011160879109802493 9.4190845938173831e-05
-0.0082436321379212533 0.00023063937509437333 0.0052665838090077575
0.013094204712608228 0.0097844642001914655 0.0093439336472833714
0.00030437078437451796 -0.0018618416562860239 -0.00057662052746863021
0.00084840119184383534 0.0022518987926672734 0.0028187164646333823
0.003290323676479931 0.0028621778849843155 0.0023343362888220312
0.0066739880984969038 -0.0017606525459203653 0.0044208523233878749
-0.0053530103954961576 0.0030861704628777709 0.00026082814410857561
0.00094503091841091722 -0.0003056859450643763 -0.0040740509195090419
-0.0069780675471691252 0.00093570301458606963 -0.0082909021517136756
-0.0052620993271657243 0.00078148366276196968 0.0098961618697858203
0.0031363947516791103 -0.0026201879788467696 0.0037491509678811465
-0.0089946013951009134 -0.01028686424166631 -0.0024547777861309138
-0.0042004368066913293 0.00021210526410633105 0.00024112866988219251
-0.014243986725013862 -0.0047820616917871837 -0.000803538012536816
-0.0038521092559005072 0.002218623879997321 0.00073470052676106632
0.0017947538445081696 0.0030172083159042381 -0.0070998206443322887
-0.00026549506734561713 -0.011827150939028109 -0.010853705874764526
0.001896875895187819 0.00040504470138186802 0.011114950526973488
-0.00012597268211040624 0.00076498638014641646 0.0012013995218227839
-0.014065498029266935 0.011522593405485025 0.0097769571052932439
-0.006594515525539542 3.5841683298237292e-05 -0.0025210994800375932
-0.00062663528073098409 -0.0054642183134461699 -0.013153583892509818
-0.0055419090411196106 0.0022955755618853397 0.012409053785908179
-0.0014979490253011264 -0.0073576321238565529 -0.0049380051575309957
0.00091236945639211042 -0.0051602186679891183 -0.0077587365756065394
0.0032236866269259429 0.0010454777726858937 -0.0015167621947249329
0.0071573112044579466 0.0011851762220547414 0.01246068342737359
0.00030097616536282158 -0.0017503460392263965 0.0049004946997534471
-0.0038808366189650627 0.0015194263547624891 -0.0037504474230853208
-0.0041670879573461363 -0.0045643613058541262 0.017149786539100348
0.0070658587789826383 -0.00092136213236812894 0.0090252216173751648
-0.0017107566365798805 0.010796075701230314 0.00061241163725008808
0.0054707736629184467 0.0022270398609304356 -0.0025751447188536343
-0.0021159247387225327 0.0025380449606179564 0.0011473805085913137
0.0011304921725103171 -5.8791548097717828e-06 0.0012057772286931455
-0.01630450471070044 -0.001348165371204171 0.0012577070602899009
-0.0032000439301088945 -0.0037405562291953558 -0.0020095800576237048
-0.00052398631128092708 -0.0017344991343617941 -0.0033881512772159931
-0.0028074825966156475 -0.0032318241287859553 -0.0018915051434313344
0.0014524162487384836 0.018608096099629982 -0.0039835081921995863
-0.0011064634156222582 0.0024673284808923355 0.0042934000021222609
-0.0021368785987434784 -0.0038132677530595032 -0.00048282312676874173
-0.00091232906623420565 -0.00056945311246304597 -0.0074272334942049704
0.0030001505300734669 0.0098833901664956113 -0.0072104745546107104
0.0015495736912218977 -0.0015072664797268359 0.0020855063789983449
-0.0014681489780975516 -0.007670749110495749 0.0039946359170456051
0.0039798392745409531 0.0043450802140873289 0.0011037243971309509
0.00092349224504937623 0.0014172189861739318 -0.0059356966340963812
0.0052739588250926145 0.0050830316677055289 0.0061053874836255661
-0.0092633029330985526 0.005106178259614424 0.0040126089224994865
0.0048047733123304775 0.0039619805833332276 0.010258627966167425
0.0066758836380569411 -0.0011648810366505357 0.0043189703279723334
-0.0082183939482433493 -0.0059345935640029331 -0.0029777815126508069
-0.005089448409255893 0.0024764305788432849 -0.0016528224266440649
-0.0036330976095107115 0.0061071360872584166 0.0069771044892712759
-0.00438348180425523 -0.0046882209356257885 0.0060698839102580494
-0.004025658884518727 0.0035085074733890807 0.0010070940787778081
0.0062841102900475856 0.0013114934244218654 -0.0079449844192983742
-0.0034697607044722138 0.00064770962413658573 -0.0076741818082780361
0.024031634918811568 -0.016493711091946948 -0.00047284948808537237
0.02016180074658357 0.0058390582688148066 -0.012361115563248226
-0.0017668415568517322 -0.011936697804813459 -0.0043735846318360963
0.0089194248834152598 0.0051715072048431282 8.129384144010395e-05
0.010799574624541151 -0.0041008925760670249 0.00044479131349988842
-0.0091875970415224092 -0.009580893048735448 0.0009709181127844584
0.0019481696077191047 -0.0035174583916517633 0.0015122491920714414
0.0005228665279519689 -0.00017703073379337749 0.0080381117494407149
0.0012954891288255513 -0.0045755481360761126 0.0013919035264390945
0.002060350733386237 -0.0005547903496014488 0.0073271505285040497
0.021562933920202847 0.016720012211795417 0.018809723580463442
-0.0060594058631782254 0.0059437080084906915 0.014069259761707363
-0.0047182571790977826 -0.00144034608059063 0.0051716361821613774
0.0055618890044428961 0.0018303904393113767 0.0058806234633020241
-0.0044960170343698626 -0.0023353340480045132 0.0029978463608883376
0.0037285616459503661 0.0034797543129315312 -0.012334396219297567
0.0079354747687529481 -0.00066597186784852537 -0.0027086335768828273
0.0088596229439251717 -0.01013136714972721 -0.00082940397871560871
-0.0056137583363719962 0.00063687150033861853 0.0032575455946714611
-0.0010352711368017205 0.00024362052801600573 -0.0053008034776107363
0.0048729129182916373 -0.0016148188724939931 0.011544561875719705
0.00035089061016632325 0.00075125225417499539 0.0012737592425405113
-0.0020907779715305364 0.0018773688759697366 0.0078792832750273871
6.8117035902816766e-06 0.00033848626701706654 -0.001806341450488534
0.0015596469314531659 -0.0010962480668469667 -0.00037603393122011264
0.0025052161912903397 -0.0019284984273593919 -0.0022504782639452998
-0.013663871427510778 -9.898569208167619e-05 -0.0012207620199699712
0.0059152301216122347 0.0059411155015126086 0.0066918157671003939
-0.00028961053965080417 0.0001227681992904257 -0.0049212998433688657
0.00028627012111761277 0.010140102159625066 -0.0056901682301367263
0.00020630122109089973 -0.008648497437280243 0.0031170857451899214
-0.0028199715807077268 -0.0050213328577549511 -0.0058005924839197821
0.0014374985160614299 0.00029992093661895537 0.0008592705394909404
-0.0078119094279085529 -0.0048963943716201939 -0.0035827069436769362
0.0018781754021720549 0.0042959654530372012 0.0033923222802850028
-0.00025192769225638063 0.0028328440202514253 0.001742494598907168
0.0007123291442869713 -0.0060757315233127811 -0.0017179779254130466
-0.000837948715085391 0.0025520012558367207 -0.002495423861341833
-0.0037544956720687046 0.0011898378448863595 -0.0014731592308737393
-0.0015220263288955142 -0.0035512632007558432 -0.0057384834118710077
0.0010520762956533537 0.0033136745710794641 0.012648729084888358
-0.0032645693009157994 -0.0038763760515458604 -0.001217682536632409
0.0066048999501497107 0.00083307588275144471 -0.0042908907945105705
0.0021345298437937888 -0.0024167242016899237 -0.0022815120062489066
-0.0038492405432524216 -0.00089002445025051374 0.0062592610541159169
-0.0022841467271063742 0.0096091315661817108 0.0039651458594323298
0.004848217769920643 0.0017468889082953183 0.0051688968116332581
0.0075333105746770331 -0.0041173752811355605 0.0045497128038637048
-6.7209189360475477e-06 -0.0015820482116443632 0.0027548797230804323
0.001286933535919646 0.0065154404817127486 -0.00086844982100518157
0.0025988235602015033 0.0059277471326476955 -0.0094327756577911454
0.0033750205193154846 0.0016835926910554304 0.0012599782433995975
0.003180641894666103 -0.0042761840547962966 0.0056297662404564157
0.0044698632498452922 0.0049395441168492392 -0.00028204453810634232
-0.012362408623570898 -0.0011219562010586902 0.0042393635783173093
-0.0010253551384009837 -0.0036644606924269496 -0.00064195893026460068
-0.00044563279413523121 0.010710910631071864 0.00074150384699712632
-0.001761865373163269 -0.0012288689296268975 0.0004004362214642096
0.0059265103317179121 0.00070038897997932211 0.0031931547952138315
-0.0009103201077726859 0.002317450896456645 -0.0033441226167741063
0.002184838201849516 -0.0034185245969160409 -0.0049131372594910516
0.0038088847314535251 0.00081756816563052076 0.0022692748923998467
-0.0043801684209362132 0.001968791280877348 -0.0029235322995663027
-0.0038025074008790185 -0.0014844193903121642 -0.0028788293411999718
0.00046151541347247497 0.0080219249231625149 -0.0033387928392074676
0.0073755790087068132 0.0036375868830650659 -0.0047916347978419439
-0.0033289925101659774 -0.0085136733701985812 -0.0037248437922809503
0.0046005147585528048 -0.0042266970275967762 0.0022939347978398012
0.0034729165842956509 0.00033062534273974243 0.0029751882783862716
0.00051208499274807504 0.0062370573419935158 0.0077899578938725117
0.0014900417437788156 -0.010893768412846781 -0.0083803002082645343
0.00029922948827812071 0.011098086600190923 0.0030962434335347448
-0.0012157658883410897 -0.0014858284082691884 0.001520585052536153
0.0027048992795958545 -0.0097681036524770882 -0.0045025777334730946
0.0061375486802098438 0.0027797945349545229 -0.00038862803003414023
0.0012442063456799611 -0.0062675456130232001 0.0012314715852953123
0.00081440330111424368 -3.3775618204170934e-05 0.0070480363952438703
-0.0017660442915743224 -0.0035130969767841729 0.0020097847399034243
0.0034540935854441737 -0.0021346243249407496 -0.0025538316291064235
-0.0016617901641486103 0.0050416605467868865 2.5982918936527566e-05
-0.0027079823140661111 0.014079945972521218 0.0038889579536897896
0.0051509184356166729 -1.640444096968997e-05 -0.00088755725618949114
0.0011511910819855943 -0.0025989107717675859 -0.0050982785803920074
0.00286747460663487 0.0014724356115399049 -0.0057912364879293072
0.0022522988976511268 0.0010801980351959955 -0.00083963109182949136
-0.0046518053955151798 0.0038955924650318054 -0.0076088085651403979
-0.0067763784110307394 0.0062616714649100054 -0.0075861848994666211
-0.0020984460526709118 -0.0041769062520094699 0.0077845501168706255
-0.0027568292090606478 -0.0002586556256973977 -0.0012304228202961428
0.0067220029654147355 -0.0066232174584703526 -0.00098589414815774493
-0.0031555185012340017 0.0052610449657529128 -0.02197746120914975
0.015260960678653707 -0.0044782748902046938 -0.012128615448138723
0.0078870527540678415 0.015319868869280285 -0.010771747172754316
-0.0038858118876684139 -0.010477103886738937 -0.014732523768666662
0.03405266614443167 -0.017593161966474282 0.0060201052187842932
0.0033168312547994759 0.0020355515820652727 -0.0052025129266011711
0.012800121387818685 -0.0037031500899421619 -0.0053440063263292545
0.0033012526024861072 0.017351986595132023 -0.0032075433147445718
0.035898597562735918 0.028762477974395153 -0.024608089327059234
-0.038180752938952553 -0.0012469308303827431 -0.018759243594900658
0.0049443523039307156 -0.0029767537615164024 -0.0049692543012204377
0.02601429188379438 0.023157727745325554 -0.014233381799179753
0.0092504019169987271 0.017772407704746394 -0.0051289264366500423
0.012106482453581632 -0.0053779289457238661 0.0090262980341209997
0.013340541924627188 0.0011823941227715703 -0.021825056817916345
-0.0043926400145380302 0.016977152717307927 0.0062836123365889061
0.011133236885276704 -0.0032043482403718501 0.017821528582337855
0.010723277164880248 0.0064543707571477326 -0.0060498775430066843
0.0039151220888235458 0.004061791074898945 0.0053445428232470659
0.0026286672096413471 0.040024209042350843 0.0028001431047827352
0.015455205193712773 0.015328582573106493 0.0039873124781864963
0.0043560088346028814 -0.010954662980507153 0.012643944680540321
0.025692117278085749 0.0069836808559426752 0.012313176307603237
-0.0012443526737641666 -0.021571694533483291 0.021181399249568265
0.0099568346843588035 0.014078445512631722 0.010222312454977019
-0.017575429452537334 -0.010901980931637191 0.0081644308139871349
0.0089137123475990926 -0.0043175464902620083 0.0024244137533784146
0.014412755885080361 0.0084181946274469645 0.010936704870955605
-0.013673699140292081 0.036215336144446442 0.0055104075144849418
-0.020929088361407375 0.011994669685181376 0.011204555199041608
-0.013405123068820354 0.018148985585302993 -0.0038703454619582545
0.0047966921691986256 -0.0054024705085348223 0.012254911491818447
0.0012299881257667828 0.030044798037327149 0.012490528504393287
0.021674332315697462 0.00022406091140128405 0.028901995861960052
0.018773980146863795 0.014604818663770653 -0.01606468436176111
-0.019292957660448112 0.0063025281226214824 0.010517535691622212
-0.012121957047952298 0.0031225399375384693 -0.010466888695275782
0.0012729562741410072 0.002271388354170149 -0.010320605529298942
0.0030437405636650761 -0.0099202441126724789 0.01090555250653779
0.0054014125202066776 -0.0095341186605703097 0.0051778712015845925
-0.05849368853416119 -0.040830769419217969 -0.0053563735110699002
-0.0041438439889878737 0.0075867085305413081 -0.016307050195807186
0.027971163422494019 0.013366188640146623 -0.019690659210099451
-0.015199307362483649 0.022200923985957629 0.0062442492076997458
0.011751910751279283 0.0083892522358937471 -0.0090689124639974986
-0.026592398929352959 -0.0039307084859953791 -0.0019590969139061049
0.031611630823929246 0.014956315203770545 -0.013282124076081016
0.0076981371158503578 -0.016243342507485315 -0.01132920267232158
-0.011202252706463972 0.0033927333092347526 -0.015595328829460159
-0.0053881184225726391 -0.015017416481028377 -0.0057192733571398528
0.020062281870722027 -0.0028785435019128857 -0.0085354679872088855
0.0098733630283389159 0.0093381183594727409 0.028245236764533339
-0.019809935191134595 0.0031661484365308832 0.00019195939329805502
0.0018094737456566916 0.0057608490201930904 0.0057601465587968767
0.0089649469523589848 0.00047371442668883522 0.0036528519980205182
0.016679194694386237 -0.0036348313257916157 -0.010577469568623474
-0.01026929955900685 0.0036042423319352871 -0.00028531916939696165
-0.01736422344708842 -0.011108336510337448 -0.0017905245715436969
-0.011551012433034637 0.010183222608307133 -0.0031404422199041056
0.021167124800183457 0.012825296589996555 -0.014559473874298692
0.024361152038559895 0.0066874322703882536 0.023058048436850616
0.012560013177690517 0.0050820753933468396 0.012539721754592371
-0.019386979581782253 0.01085952264224478 0.0073799084529299055
-0.010117813310601645 -0.028956891090986422 0.026261187300023588
0.0064885042350382588 0.014749333759175561 0.015817240872466255
0.0077194334044178928 0.0049186231694072959 0.025002437285460331
0.00031229314184518306 0.0054399286185179904 0.025707548622334951
-0.027176482346259342 0.017175137358210576 -3.12476172726347e-05
-0.0040012299384578759 0.005113202752658896 0.016638146678721454
0.0031371576930845505 -0.0098354126635052126 0.025398891781465115
0.006172148635747679 0.033361333012543931 0.022348159537480927
-0.0014571699985812085 -0.025167863549495111 0.011629222737176127
0.019516534531396349 0.0078103793201655513 -0.012699291639397009
0.0024490757934041048 0.0028063807576283028 0.007788752260096835
-0.03105628516641076 0.0023980230035042221 -0.017883102325406977
0.024692066214823144 -0.0016377524783426722 -0.018466121706111671
0.038860238107152674 0.0059541495568604368 -0.063760937030237247
0.0032202412213692168 -0.0015835587884375434 0.01831603081952848
0.028484836648075898 -0.0019668344027904171 -0.022989743804097729
-0.0091621191314185928 0.017778290754014135 -0.0091299292919990241
-0.061067621996926294 -0.01503276967458345 -0.010271804519689192
-0.01269168343134754 0.019042193417730027 -0.008067871258518558
-0.0051258068096694705 -0.029074940937821585 0.0063039427493745926
0.01064136809515249 -0.012450550167879363 -0.0066722561786608627
0.024761227057850423 0.025429517459572181 -0.0074469806317486254
-0.031033292066000209 -0.034853587746734388 0.014476957169941317
0.0034938013993973949 -0.022835414767333737 0.016021260381533821
-0.018090577691940678 -0.021687069250999797 0.017122208818269848
-0.0054645572183424753 0.019122933341748038 0.070453054372152185
-0.0088595260805399423 0.0066180460404079442 0.01130894556512162
-0.015843009753178709 -0.023970231769641494 -0.00078146024988742693
0.015669031730603657 0.014489834121114284 -7.9203633346133182e-05
0.011566873047101738 -0.030094956653134143 0.009737593477723315
0.0073538937419654719 0.0011420847464010942 0.03860508280876318
0.0082686059417525111 0.0066082604580804064 0.016649508983025838
-0.01590019352894162 0.0083804791760212476 0.030249812210922239
0.00083113509802602837 -0.0021499476065854773 -0.0020959229028387353
-0.0059634471499348286 0.011066907527587868 0.011652938925434932
-0.03035246670980405 0.053006179032963056 -0.0084784397927901503
-0.036278163320697214 -0.012025598437272874 0.010947665913304832
0.0059925082763529558 -0.020328154338950018 0.016049940769060078
0.027495763084275912 0.0018387350281618079 0.00011341268020303224
-0.014442999825250756 -0.0027181392837493622 -0.0028975089329608453
0.0062828349523044308 0.017689883220105687 0.01308393878340065
-0.03711342963059229 0.016979906549277186 -0.027694903248536008
-0.028346627048383703 -0.027478603848686983 -0.021444548665072363
-0.03043973507868749 0.057635450814215741 -0.00966358348639146
0.011174942399628114 -0.025969116964517598 -0.002225009779636287
-0.009785234181423564 -0.00060536144558296344 -0.0066513610474081414
-0.019181177200041165 -0.026389698546195516 0.00015334273660958927
-0.014469626290639654 -0.0027621125803324667 -0.0026814351439062925
-0.02541130852160468 -0.0033888426708064455 0.010527924389665832
0.0073007719974042635 0.020501335677285352 0.023185229797192435
-0.016928561733915048 0.016112376510405431 0.011358489498887231
-0.026553063017539201 -0.00067236898858815785 0.001976614802961788
0.01462079406254432 -0.016588223165065901 0.072456674641085683
-0.0085350044422189252 0.0085305768675385946 0.04138643780507139
-0.0081740406007743821 0.020368849245418947 0.015442828505891053
-0.013929310250956551 -0.014956983563956588 -0.0086944949187064656
-0.0066276293820404352 -0.011337229828303754 0.020323037233559195
-0.0047828284424817485 0.0014708505667654895 0.0044691299407116835
0.0096277912399865394 -0.008153657829132523 -0.0026730733382101949
-0.00094375378923729572 -0.011765991624506001 0.01526423973316713
-0.014530778225813709 0.0039111775219584453 -0.0014416919836158998
-0.0024238785681658243 0.0042176844094975168 0.0051708134914576426
-0.017756720159390352 -0.00030307467247660448 0.0056655448250910656
0.0076469226465666479 0.00049356576027357972 0.013594493628065425
0.0087330157759390736 0.0015611223543352587 0.0089510886860719799
-0.0051328927556392387 0.0042511049667097022 -0.0036775830717277686
0.0044054741198648953 -0.012939298563605333 0.011950197030756761
-0.0080097557819541892 0.0070397795708220853 0.010966892440757388
-0.0021929481442989757 0.0043381527847486789 0.011569200664385333
-0.0051604514281220482 0.0022669015447800023 0.00031930805732096397
-0.0087008133026662444 -0.010447893834242066 0.0040630096882122357
-0.011699006622971561 -0.00043653301952588564 0.00404300841961095
-0.0036533779693188745 0.0076873229499408776 0.008057835306577589
-0.0085865945881341485 0.0021601642730959322 -0.021323619990577251
0.0027287238341255071 0.0029116716167649197 0.013078728356404015
0.021189150894793847 -0.0073399477588739371 -0.00082126132598153094
-0.0034316388229158525 0.0054162507851601201 0.017649362004618939
-0.0028220331350145011 0.0037735175865562082 0.010902983181618663
-0.012032391176978657 -0.00012788814533005503 0.0035178502688342486
-0.014689085259056114 -0.001761353592514491 0.001607562317837089
-0.0015593726213461584 0.0067855742599108506 -0.004620546370429004
-0.021939474388395268 -0.0071640627150701148 0.019045582794597199
0.035356583557443692 0.0055663064048978982 -0.0049964291128852751
-0.01434443358672427 -0.00064888132719379172 0.0060803833978228623
-0.013983644845287871 0.0050089129870054244 -0.0050672885562318632
0.00066793262181692725 0.0027628273423857801 0.0087810791236498029
0.010331149919275751 0.0005504406540214039 0.020192274489949164
0.0050647390587869792 0.00020011821316803604 -0.0038998867588998587
-0.0074234762430851337 0.003227770155127872 -0.0049038907814662894
-0.032557894656331646 0.0039175372496020999 0.025877873893535804
0.010542304956565218 -0.025492272719662205 0.00024300403025679434
0.020737427981780771 -0.001618716403032088 0.027623041692209312
0.0045108509999089857 0.012072813217216148 0.0048970650946721156
0.0021505863507317174 -0.0038123194181256693 0.0040584238645797388
-0.024214287564222656 -0.0096002371211789238 0.036739228776220358
-0.0076090151101199377 -0.0063669439643615558 -0.0028803713557943806
-0.010425167441318484 -0.024673225978031569 0.057799640863959383
-0.0086696974194256093 -0.0042632034022701635 0.005400570367600741
0.044761368322464239 0.020367674883103839 -0.0059525033109738912
-0.013280463582148114 0.0032068888310136999 -0.0030875879048743804
-0.010774283046825359 0.03018824904234094 0.0067103119055018983
0.0071478778949484734 -0.0021245870394703287 -0.017253267305458043
0.0029338255199484187 -0.0077014321421465266 -0.018866891149452891
-0.0036818335022539561 -0.0097916189019660056 0.015709207371662058
-0.019201373127434175 0.0065622026628318602 0.01092133999109824
0.016409731040480893 -0.010448102170358077 -0.011879794710739681
0.021325248532655702 -0.033504465560435868 0.022106233698278056
-0.0016042962410132977 -0.013972824935455626 0.0064005176204200839
-0.02152622238621317 -0.0055937593425984134 0.011095869685623198
0.04913820631069718 0.019141373861060525 -0.0019953142300149296
-0.026977851037447875 -0.0033666967813864527 0.017673389607280616
0.0081868958288655314 -0.012040858959098498 0.0050124379245565847
-0.0047178895014493571 -0.0035073945544450858 -0.039479648254748638
-0.0019935815613670721 0.0088898633497408713 -0.0037280543856809895
-0.0098654281487316683 0.0085944629565171526 0.014658699986378067
-0.0056379644718951016 -0.0017865009527986127 -0.0015379479315629158
0.0076588704868516683 -0.005180114169902026 -0.0071801045515280043
0.013592809386980577 0.01468239683931238 -0.0060971353892504765
0.013463244463257099 -0.012339907055580796 0.01453462751794856
-0.011764896514619226 -0.0096513137560263629 -0.0030188279765168977
-0.027774691474136137 0.011631865093891759 -0.027488228889870785
0.0026956860278067665 -0.011866530303331279 -0.011154683048757934
-0.00057510520224819683 -0.0082442133819556358 -0.0002661617187761444
0.013821049303101718 0.024655556407440684 -0.0018350089114717799
-0.007561956980937895 0.01721466727654913 0.0059086778869069994
0.0024781253596544567 -0.0027141071321851191 -0.022983342032332675
-0.007137789817178955 0.017477095727081105 -0.00087012454195603973
0.0098194031024901596 0.024205178798404777 0.0060459567007746162
-0.0037916941775620952 0.0014691483367031061 0.011362285630259795
-0.012435300498407631 0.0010566044686893103 -0.018553288476180541
-0.0068444210712062525 -0.0086833176717352138 -0.0059789332976932499
-0.037337067941588045 -0.0034424929790780167 0.016963871673480936
0.00041773498976020723 0.0095204660704183413 0.0032983975138776425
-0.015853211301932485 0.014301263664732359 0.0097774688351269443
-0.0070987073953555427 0.01921097103511268 -0.00091494708254302802
0.022489088813912671 0.0015395308195173382 0.00034247774910692232
0.0083988798257867668 -0.017561032103362243 0.0049370931325288308
0.025488224369212054 -0.017933276724285369 -0.024240897959346773
0.019446380211888312 -0.012758271286299016 0.013337540187270742
-0.011478254124998463 -0.0024273358168187004 -0.04411737513605226
-0.017233506042637174 -0.007982141016024959 -0.010561184152604645
0.017116050591873891 0.0094806364851724289 0.0079914912244191741
0.010107801089427632 -0.012442041490662284 0.0061971856254445989
0.012250223332054538 0.041338574230439636 -0.036624788893476666
-0.0033647145747727689 -0.0081208639324682527 -0.005415651784723593
0.0046822802888877163 -0.013432034055438179 -0.0022240097421779301
-0.020246271304600313 -0.012958496843630445 -0.018862271419857374
-0.0047807289139257109 0.0023796504325534189 0.015320089928805382
0.0012044549996243353 0.0020217011485778053 0.0028796286594779319
-0.013016170502954713 0.0066872622298843592 0.00029972586296293845
-0.0084004588871462796 0.020120054393692337 -0.0017487619847357727
0.0094500338859402899 0.019025437961624255 -0.018428066074324491
0.018555767944919616 0.016116932816042453 -0.00057849585787665334
-0.016341798859721084 -0.0043461508905778146 -0.023414704310976413
0.0023933925406360648 -0.0023569937595091257 -0.0069999860605826159
-0.0074627002134950229 0.00012800727151340653 -0.012725754853104607
-0.014021615786402708 -0.0049314728746305287 -0.00089870407184665455
0.0012652277012003416 -0.015108113799042424 -0.0041744885501978296
-0.0010054411925402573 -0.01033014668099492 -0.012756033313684127
-0.0039159325243396173 -0.013786535156502579 -0.0056889417283841276
0.032758293213437109 -0.023143082432716334 0.0043900385788464098
-0.0054187366657147875 -0.0046613703494879574 0.00068601222870510244
-0.018218185851818891 0.01821556050424258 0.010254430705461483
0.0058464235943790598 0.0092534964828514931 0.00073289237770059808
-0.018819839747167007 4.4988501868818208e-05 -0.027378653836219978
0.0042041089210039543 -0.00031787142607267639 0.007001736405216139
-0.016276102175152414 0.016396327778074534 -0.023824419705272819
-0.013679396370437101 -0.0063251792859409933 -0.004554295928710963
0.0093287567915177408 0.0064154551149227645 0.0080134346882594978
0.003273388126127999 -0.0042670002559313681 -0.011751163596779295
-0.0020474435714043712 0.013494465001034751 0.0060594188638224333
0.013434524554607922 -0.0093808376726570736 -0.00083408174995201138
0.013647874877089475 0.013712616578050367 -0.031799820847607289
0.033360253895672279 0.0041411889649508992 0.028383784786555587
0.0040628938211800802 0.0037200869533047781 -0.021109614608690451
-0.0069779478808523338 0.0033274799421299083 -0.021533081648874956
-0.0077883002379998123 -0.009556686523802262 -0.0042348397204340369
-0.026447056625877444 -0.0091904907074158351 0.0070816300023245722
-0.0049566374120866702 0.023999936530865188 -0.012116651768406379
0.01052263126350568 -6.3794723264220195e-05 -0.0050930259255837296
0.012014691043591721 -0.0033333457046225996 -0.012998024705093508
0.019425193575220004 -0.005287244172395263 0.0011780917064346174
-0.0048541336527697793 -0.0085429054546951617 -0.023802467386408562
0.0033584560925541546 0.0089535328341212288 -0.0039414160920295616
-0.028150481006441977 -0.0041557813554253826 -0.018258416132205378
-0.0015827473136387007 -0.021327380643082473 -0.021294438654641555
0.0055038662476544625 -0.032297830653769039 -0.0044744048714155877
-0.011999284555066353 -0.0011130470893772496 -0.0028439009497973006
-0.0071574014275963965 -0.017483383376199105 -0.010910412254434641
0.017638717988266842 0.016718446129729291 -0.019794772989537517
-0.020420000523043311 0.021140152713454246 -0.0094251477747916076
0.0033045343646904771 -0.012138562051135964 -0.03609797519193416
0.022875294981059877 0.012111714545732418 -0.024818945231020899
-0.0037134246102903529 -0.0046983404065221307 0.0040100536306355598
0.0046185414332899737 0.0092278841487016799 -0.011488654734120349
-0.019968210701424141 -0.0074870015398686308 -0.023590370120855263
-0.0067669213538232714 0.0032828522413580735 -0.0059473271705390652
0.0034494431107235657 -0.023867803357930806 -0.016148022789083206
0.026035933093498914 0.0029272599200217877 -0.00073324383777242312
0.0097809160505933981 0.015613985145041113 0.0031064312785828501
-0.012136268815352527 -0.0063307039617830924 0.0096785699023039101
-0.0050396578965363897 0.0037945912205961645 0.00035021996594042989
0.016169678206682254 -0.010565143542404178 -0.007547042880947632
0.0041362071698505358 -0.00016246539025861255 0.0020791427320664335
0.0030622309626703176 0.0010153653290185646 0.0055769751939630579
0.0046055487814413293 0.0036887345882053151 0.0034659949059595591
-0.013105002925439382 0.00076131000080858168 -0.0064868965294991041
0.0007623044930053709 -0.0029821716887511469 0.014457395479967695
0.0054980032380470695 0.0071388072656892853 0.0044189533363786842
0.00071842077675623995 0.010335611514023303 -0.018849193722475614
0.0076433457879975693 -0.0013924287310132946 0.010940031742119695
0.005568659754747407 0.0065234266391656862 0.032597763706210432
0.0057524454590017898 -0.00037928539964138616 0.013823321746738955
0.00094810651845768357 -0.0038341246466995771 0.0054794727447950364
0.0097180538578635761 -0.010526812065561235 0.0016822606067784162
0.0098620053551417286 -0.0095730613890177719 -0.0064802391292312573
0.0017063636725753069 0.0058515214838465984 0.0065062311470615924
0.0072841088291268168 0.0040736407565318249 -0.010388906999732016
-0.0032346271735315783 0.0030063874085878139 0.010307018256547344
-0.014586423549511562 0.010772300637565719 0.012563208313573514
0.0067781052910145662 0.0064900365063834831 0.007888751497908221
-3.1519439499125354e-05 0.0007446275740694996 0.0019180151526516842
0.027760957121075208 0.0020314687838791905 0.0012279519206315819
-0.009618293152861071 0.0068491099217838393 0.016658742192090605
0.016608583811493535 0.0062157847706251837 -2.3963943059584542e-06
-0.00047952427196527875 -0.0099601140472861827 -0.0027650909813277816
0.018484584101673765 0.014512121872019518 -0.011829856027747616
-0.0086973110888330096 0.012181935440765497 -0.017981030425591314
-0.006613689205477738 -0.011148917618349257 -0.027800977030868583
-0.035339532113785377 -0.0069841902685554933 0.002904370012821198
0.0028569220376203647 -0.025793653425706307 0.015968369750835747
0.040835543341031802 0.032656312124337089 -0.0032635857617289094
-0.0080758276896832557 -0.0031759531502764966 -0.013084218841871824
-0.0064114464823301631 -0.012760810568627863 0.014116843767091443
-0.0068397023250571995 -0.00076676008993512197 0.015857770498640768
0.0020982933943643391 -0.0036750778096278306 0.024139577553344511
-0.002049501478927105 0.015439280438294718 -0.0018028039637682037
0.012292063206903688 -0.017590175582248267 -0.00097109873015296326
-0.0023200511219097775 -0.022395553934757732 0.025439818249787409
0.010821502055220172 0.0027465184458882689 0.0073729988610804478
-0.0032971330025855054 0.0021260222280123642 -0.0058829498193456392
0.029596385194574984 -0.0015674843568641106 0.016736037100161423
0.00074847860600404925 0.010545033809946215 -0.00070596352518122955
0.0083973332705729875 0.012647174123688666 0.011455253926778604
-0.0023257082535193957 0.0011619148071587546 0.0080200494759993454
-0.010417246988174575 -0.0026351738987967239 -0.0041332578797362652
0.00459250104046037 -0.0049649159397596471 -0.013268373242336505
-0.023228204609327105 -0.0067442179752762749 0.019099053929411296
0.0040712104830551779 0.0059318846610467973 0.0048195990007825545
0.013802487227729365 -0.015868393760992059 -0.027074548584298384
0.0031277468604608942 0.0020440774732479444 -0.024140368997841756
0.006230335235233031 -0.0084698940917131791 0.017544684565089418
-0.0022327651933870298 -0.010823906537627772 0.0027982011149993028
0.032502730367632328 0.00065531908752046962 -0.0029135691157266492
-0.008020058563212952 -0.010379360436963811 -0.0083828819925899061
-0.0034039458635173742 -0.023200256985124762 -0.0050161690547689064
0.012568958234445454 -0.022357912171311587 -0.014467616090329503
0.0030430597268818679 0.0097247945018749584 0.011840597322877046
0.0069949481042561271 -0.0045808188942143852 -0.0043962851331270309
0.015324667046156273 0.021267388288484592 -0.02621361643695188
0.0026657614420324965 0.013576174011259349 -0.0057610567429409116
-0.010994947430454351 0.00051482806997590013 -0.011664079243725346
-0.00338937404367496 -0.0037416253835207015 -0.0053885583044900121
0.011059406688701805 -0.011101969617862898 0.001610193573406824
-0.0052874264855396029 0.00081695477413448552 0.0018267625139472199
0.0089109881144075753 -0.018192246940114797 0.0045218858568914144
0.027908047166873035 -0.012094382775325848 0.012539351852260024
0.0050073030987431103 0.023065673350371501 -0.0098002152212287516
-0.012357973600831344 -0.005570722475474495 -0.0010476032600163021
0.0045893203074335448 -0.0063548277848121445 -0.0081604758487787005
-0.0073653825724312033 0.001726318453511918 -0.0020918836165599248
0.016584856705251255 0.0020090619282804294 0.012705149068820233
-0.0045913303001772071 -0.003836821739557893 0.022461365600149906
-0.024610282703432282 0.0088685877779249144 0.015416901744110159
-0.011072193461553317 -0.013022513104001406 0.005399477037388337
0.0053301826068543473 -0.023215801639678287 -0.0034188491652023959
-0.031223310424195495 0.015099753259571544 -0.0019307263079643847
-0.0040020669155713257 0.0054063162255137114 -0.0089411946081049201
0.011671218538470321 -0.016424360945096712 0.017500077599361834
-0.00091319236509833379 3.0604023784281741e-05 -0.0064341990592767873
0.0029078263049138603 0.007259574891971125 -0.019151621572357565
-0.0066109349657498817 0.00029364326744411672 -0.017162441136428792
0.0072692627786549308 0.0094109372549830549 -0.016830518542843113
-0.020943584333386195 -0.010383204574689804 -0.0048860407852019056
-0.010875828649186056 -0.0068214807257247195 -0.02988333876034268
0.025544360350204312 0.0051236649246353665 0.005347600994221025
0.0040873444963789654 -0.00095518643180026949 -0.0018536647227354259
0.0085127908927349338 0.0059993152660622936 -0.0086947221036400221
0.0039301917504605032 -0.0055920451619234594 -0.010265611632607953
0.010323887069404056 0.019495000640622307 0.0025112770334606077
0.013204454728588708 0.0079630960207647105 -0.0087548343820781152
0.0074127349475937993 -0.028245431610446351 0.0088200105137632365
-0.005630443793518583 0.010223228898739263 -0.012764906459055533
-0.02805877202087366 -0.0047705954244000748 -0.010590046931871763
0.00089021219131660268 0.0024136876358182274 -0.0087022438119018983
-0.015395675251006741 0.0035370632842826998 -0.0063530036538478407
0.0056549824883354444 -0.013084342189510075 -0.0024696557420384952
0.0060104112347546673 -0.023877375922178704 -0.022309471945186555
0.013417830406459524 0.0074726453014649068 0.020421442915793599
-0.014446974994559273 -0.020068545605434588 0.011333385653360598
0.019074935264769874 -0.0050127524066020685 -0.0024021787403302923
-0.019177013236648735 0.0036610404847537935 -0.010730260226266865
0.0041438398052393438 -0.0057330893270433284 -0.0099601701837438369
-0.0086682069910285625 -0.0015706096507384171 -0.00041337324759511344
0.026915225422531816 -0.013820129839001676 -0.018079316443547634
-0.0095565407433089791 0.0026878529131800343 -0.019767703317748291
0.0064291185346632557 0.01038288155234284 -0.007768557560434341
0.008487693845725626 -0.0043721634620023254 -0.048951002270254527
-0.0083402579832943316 0.014476363608283567 -0.0020411376746940152
-0.010437295056350451 0.0032459107555310642 -0.012549677603803398
0.022069457256010786 -0.0062264723788675678 0.0090487315380323383
0.00083046044290949184 0.0081817594832307629 -0.023937660474730803
-0.035122551397934486 -0.005906488169005299 -0.013933365708497868
-0.0062984733617322403 0.0093026633906776162 -0.015203538367252308
0.011216255928844052 0.024973525746737526 -0.018231742145786923
0.014121397878861769 -0.0045785250580199933 -0.0077047597922069349
0.0094229174101926536 0.015790780354810682 -0.01666925737867599
0.0065057698648214729 -0.016455225501473242 -0.021479413686992944
-0.0058425640305673765 0.017826048723659293 -0.020896457615244106
-0.015333262866740902 -0.0042191881286491057 -0.0068409369348877572
-0.012684534398129929 0.0042982686945308973 -0.014447869637892817
-0.0017410839035117559 0.0082766798455562573 -0.022063809441999614
-0.0067388062726706083 -0.017456279564845873 0.015160236747826975
-0.0075147043619075565 0.0025487248026533054 -0.019237558629475765
-0.0043859892774041759 -0.0048532545421143703 -0.011351972749088196
-0.014711170022424881 -0.0025980284238809898 -0.011766970276630172
-0.0049932572255053254 0.0086948176224979339 -0.0017442323079272038
0.015367956749017378 0.0032562987292765171 -0.009781266768571488
0.0031731676115077101 -0.027600009620823405 0.012109534861897756
-0.0010541616935189554 -0.0022342053040221455 -0.0011115080385602156
-0.0043829245238256459 0.0057156919113723502 -0.018242924760163599
0.027742084627103515 0.0070167188830770524 0.005936875919818803
0.0084575314181284528 -0.0082723619200017109 0.0064654664346362389
0.017259515812209067 -0.0055366770057439386 -0.0254262163283328
0.0056974968895086991 -0.020945502941863068 -0.0084056597414300174
-0.0030623381016792878 0.00071907313864013982 -0.013125744935494864
0.0018900815722741118 0.013035829144827883 -0.0051740361537791707
-0.0056085993552190665 -0.0095953578196435237 -0.021590338632911439
0.010664661459051643 0.008310220864315555 0.0064769717458969768
0.0033583803497597847 -0.0096870275501099983 0.0073950281761309055
0.0067581506687976328 0.0056215001681710047 -0.014189280964644176
-0.017149789969294518 -0.011878529824330792 -0.014643632158633089
-0.0077872059978081748 -0.003686914427521672 -0.030138675350962728
0.010250980931867035 0.022064556025831347 0.00061215112757168337
-0.0088926318642604911 -0.0021417319505849814 -0.0037723726277885611
