0 0.20756377834 -0.085927628152
0.01 0.20756377834 -0.085927628152
0.02 0.414724098015 -0.171680783065
0.03 0.621076616 -0.25708112507
0.04 0.82621526795 -0.341942694575
0.05 1.02973152498 -0.42606838216
0.06 1.23121378821667 -0.509246727466667
0.07 1.43024696242857 -0.591249145671428
0.08 1.626412245625 -0.67182766965
0.09 1.81928716577778 -0.750713285833333
0.1 2.0084458926 -0.82761492725
0.11 2.19345984263636 -0.902219173636364
0.12 2.3738985915 -0.974190691916667
0.13 2.54933109915385 -1.04317343423077
0.14 2.71932724585714 -1.10879259257143
0.15 2.88345967106667 -1.1706572942
0.16 3.0413058973125 -1.2283640010625
0.17 3.19245071676471 -1.28150056458824
0.18 3.336488809 -1.32965086805556
0.19 3.47302755505263 -1.37239997731579
0.2 3.60169000465 -1.40933970615
0.21 3.72211795033333 -1.44007449338095
0.22 3.83397505909091 -1.4642274795
0.23 3.93695000756522 -1.48144666404348
0.24 4.03075956641667 -1.49141102295833
0.25 4.1151515788 -1.49383646072
0.26 4.18990777769231 -1.48848147657692
0.27 4.25484638962963 -1.47515242581481
0.28 4.30982447464286 -1.45370826385714
0.29 4.35473995172414 -1.42406467041379
0.3 4.38953327566667 -1.38619746016667
0.31 4.41418872 -1.34014520083871
0.32 4.4287352425 -1.28601097275
0.33 4.43324690636364 -1.22396322115152
0.34 4.42784284147059 -1.15423566794118
0.35 4.41268674114286 -1.07712626914286
0.36 4.38798588944444 -0.992995221194444
0.37 4.35398973162162 -0.902262037891892
0.38 4.310988 -0.805401737921053
0.39 4.25930842333333 -0.702940199384615
0.4 4.199314045 -0.595448754525
0.41 4.13140019439024 -0.48353811202439
0.42 4.05599114833333 -0.367851707428571
0.43 3.97353653651163 -0.24905859344186
0.44 3.88450754113636 -0.127845989940909
0.45 3.789392946 -0.00491162117777778
0.46 3.6886950973913 0.119044029767391
0.47 3.5829258312766 0.243325416787234
0.48 3.47260242875 0.367249446333333
0.49 3.35824365653061 0.490152685755102
0.5 3.2403659482 0.61139814402
0.51 3.11947977980392 0.730381513392157
0.52 2.99608628442308 0.846536770846154
0.53 2.87067415264151 0.959341052226415
0.54 2.7437168512963 1.0683187257037
0.55 2.61567019345454 1.17304460787273
0.56 2.48697028178571 1.27314628269643
0.57 2.35803184070175 1.36830550150877
0.58 2.2292469437931 1.45825866072414
0.59 2.10098413830508 1.54279637149153
0.6 1.97358795866667 1.62176215435
0.61 1.84737881229508 1.69505030803279
0.62 1.72265321854839 1.76260301774194
0.63 1.59968436904762 1.82440678444444
0.64 1.47872297940625 1.8804882646875
0.65 1.35999838863077 1.930909628
0.66 1.24371986786364 1.9757635419697
0.67 1.13007808919403 2.01516790268657
0.68 1.01924670814706 2.04926043352941
0.69 0.911384010434783 2.07819327391304
0.7 0.806634574457143 2.10212767971429
0.71 0.705130901873239 2.12122895183099
0.72 0.606994971166667 2.13566170263889
0.73 0.512339671986301 2.14558556342466
0.74 0.421270082716216 2.15115142013514
0.75 0.333884557933333 2.15249825666667
0.76 0.250275598960526 2.14975066789474
0.77 0.170530486142857 2.14301708753247
0.78 0.0947316585615385 2.13238876307692
0.79 0.022956833735443 2.11793948708861
0.8 -0.0447211330375 2.09972608225
0.81 -0.108234643177778 2.07778961481481
0.82 -0.167521989548781 2.05215729853659
0.83 -0.222528211409639 2.02284503072289
0.84 -0.273206143607143 1.9898604922619
0.85 -0.319517628282353 1.95320672482353
0.86 -0.361434853162791 1.91288609127907
0.87 -0.398941776068966 1.8689045145977
0.88 -0.432035592795455 1.82127588068182
0.89 -0.460728203213483 1.77002649314607
0.9 -0.485047629766667 1.71519945688889
0.91 -0.505039342505495 1.6568588756044
0.92 -0.520767446086956 1.59509374804348
0.93 -0.532315686344086 1.53002145311828
0.94 -0.539788237202128 1.46179072468085
0.95 -0.543310233147368 1.39058402410526
0.96 -0.543028016916667 1.31661923541667
0.97 -0.539109078453608 1.2401506171134
0.98 -0.531741666969388 1.16146896469388
0.99 -0.521134065121212 1.08090095323232
1 -0.50751352131 0.99880764653
1.01 -0.491124843613861 0.915582179079208
1.02 -0.472228666107843 0.831646633754902
1.03 -0.451099405737864 0.747448157621359
1.04 -0.428022934798077 0.663454374221154
1.05 -0.403294000685714 0.580148167514286
1.06 -0.377213430528302 0.498021927179245
1.07 -0.350085163719626 0.417571357990654
1.08 -0.322213159583333 0.339288967037037
1.09 -0.293898231366972 0.263657351247706
1.1 -0.265434859827273 0.191142413954545
1.11 -0.23710804163964 0.122186642963964
1.12 -0.209190228 0.0572025837991071
1.13 -0.181938408150442 -0.00343336019504425
1.14 -0.155591390877193 -0.0593866731210526
1.15 -0.130367334086957 -0.110369896713043
1.16 -0.106461568637931 -0.156147114146552
1.17 -0.0840447579854701 -0.196537647957265
1.18 -0.0632614293127119 -0.231418886381356
1.19 -0.044228905694958 -0.260728167630252
1.2 -0.0270366611458333 -0.284463670525
1.21 -0.0117461157347107 -0.302684268280992
1.22 0.00160936868918033 -0.315509212631148
1.23 0.0130250266105691 -0.323120189772358
1.24 0.0225243807403226 -0.325760674395161
1.25 0.0301579030384 -0.323732050872
1.26 0.0360012685523809 -0.317388781436508
1.27 0.0401532405433071 -0.307132723385827
1.28 0.0427332279257812 -0.2934066989375
1.29 0.0438785586015504 -0.276687423596899
1.3 0.0437415173853846 -0.257477911230769
1.31 0.0424862013183206 -0.236299484290076
1.32 0.0402852481666667 -0.213683524515151
1.33 0.0373164959766917 -0.190163104586466
1.34 0.0337596324410448 -0.166264643171642
1.35 0.029792892702963 -0.142499725511111
1.36 0.0255898626272059 -0.119357227639706
1.37 0.0213164465532847 -0.0972958854160584
1.38 0.0171280486449275 -0.076737425673913
1.39 0.0131687895489209 -0.0580637971942446
1.4 0.00956697638642857 -0.0416074749642857
1.41 0.00643065603737589 -0.0276419050539007
1.42 0.00384972506725352 -0.0163850565478873
1.43 0.00189437668433566 -0.0079968372006993
1.44 0.000608943397756944 -0.00255365406993056
1.45 4.76200093248276e-05 -0.000198555900668966
1.46 -5.9196123339726e-06 2.46105071684932e-05
1.47 7.34631793333333e-07 -3.06107399122449e-06
1.48 1.74117505168919e-12 -4.05882819824324e-12
1.49 0 0
1.5 0 0
1.51 0 0
1.52 0 0
1.53 0 0
1.54 0 0
1.55 0 0
1.56 0 0
1.57 0 0
1.58 0 0
1.59 0 0
1.6 0 0
1.61 0 0
1.62 0 0
1.63 0 0
1.64 0 0
1.65 0 0
1.66 0 0
1.67 0 0
1.68 0 0
1.69 0 0
1.7 0 0
1.71 0 0
1.72 0 0
1.73 0 0
1.74 0 0
1.75 0 0
1.76 0 0
1.77 0 0
1.78 0 0
1.79 0 0
1.8 0 0
1.81 0 0
1.82 0 0
1.83 0 0
1.84 0 0
1.85 0 0
1.86 0 0
1.87 0 0
1.88 0 0
1.89 0 0
1.9 0 0
1.91 0 0
1.92 0 0
1.93 0 0
1.94 0 0
1.95 0 0
1.96 0 0
1.97 0 0
1.98 0 0
1.99 0 0
2 0 0
2.01 0 0
2.02 0 0
2.03 0 0
2.04 0 0
2.05 0 0
2.06 0 0
2.07 0 0
2.08 0 0
2.09 0 0
2.1 0 0
2.11 0 0
2.12 0 0
2.13 0 0
2.14 0 0
2.15 0 0
2.16 0 0
2.17 0 0
2.18 0 0
2.19 0 0
2.2 0 0
2.21 0 0
2.22 0 0
2.23 0 0
2.24 0 0
2.25 0 0
2.26 0 0
2.27 0 0
2.28 0 0
2.29 0 0
2.3 0 0
2.31 0 0
2.32 0 0
2.33 0 0
2.34 0 0
2.35 0 0
2.36 0 0
2.37 0 0
2.38 0 0
2.39 0 0
2.4 0 0
2.41 0 0
2.42 0 0
2.43 0 0
2.44 0 0
2.45 0 0
2.46 0 0
2.47 0 0
2.48 0 0
2.49 0 0
2.5 0 0
2.51 0 0
2.52 0 0
2.53 0 0
2.54 0 0
2.55 0 0
2.56 0 0
2.57 0 0
2.58 0 0
2.59 0 0
2.6 0 0
2.61 0 0
2.62 0 0
2.63 0 0
2.64 0 0
2.65 0 0
2.66 0 0
2.67 0 0
2.68 0 0
2.69 0 0
2.7 0 0
2.71 0 0
2.72 0 0
2.73 0 0
2.74 0 0
2.75 0 0
2.76 0 0
2.77 0 0
2.78 0 0
2.79 0 0
2.8 0 0
2.81 0 0
2.82 0 0
2.83 0 0
2.84 0 0
2.85 0 0
2.86 0 0
2.87 0 0
2.88 0 0
2.89 0 0
2.9 0 0
2.91 0 0
2.92 0 0
2.93 0 0
2.94 0 0
2.95 0 0
2.96 0 0
2.97 0 0
2.98 0 0
2.99 0 0
3 0 0
3.01 0 0
3.02 0 0
3.03 0 0
3.04 0 0
3.05 0 0
3.06 0 0
3.07 0 0
3.08 0 0
3.09 0 0
3.1 0 0
3.11 0 0
3.12 0 0
3.13 0 0
3.14 0 0
3.15 0 0
3.16 0 0
3.17 0 0
3.18 0 0
3.19 0 0
3.2 0 0
3.21 0 0
3.22 0 0
3.23 0 0
3.24 0 0
3.25 0 0
3.26 0 0
3.27 0 0
3.28 0 0
3.29 0 0
3.3 0 0
3.31 0 0
3.32 0 0
3.33 0 0
3.34 0 0
3.35 0 0
3.36 0 0
3.37 0 0
3.38 0 0
3.39 0 0
3.4 0 0
3.41 0 0
3.42 0 0
3.43 0 0
3.44 0 0
3.45 0 0
3.46 0 0
3.47 0 0
3.48 0 0
3.49 0 0
3.5 0 0
3.51 0 0
3.52 0 0
3.53 0 0
3.54 0 0
3.55 0 0
3.56 0 0
3.57 0 0
3.58 0 0
3.59 0 0
3.6 0 0
3.61 0 0
3.62 0 0
3.63 0 0
3.64 0 0
3.65 0 0
3.66 0 0
3.67 0 0
3.68 0 0
3.69 0 0
3.7 0 0
3.71 0 0
3.72 0 0
3.73 0 0
3.74 0 0
3.75 0 0
3.76 0 0
3.77 0 0
3.78 0 0
3.79 0 0
3.8 0 0
3.81 0 0
3.82 0 0
3.83 0 0
3.84 0 0
3.85 0 0
3.86 0 0
3.87 0 0
3.88 0 0
3.89 0 0
3.9 0 0
3.91 0 0
3.92 0 0
3.93 0 0
3.94 0 0
3.95 0 0
3.96 0 0
3.97 0 0
3.98 0 0
3.99 0 0
4 0 0
4.01 0 0
4.02 0 0
4.03 0 0
4.04 0 0
4.05 0 0
4.06 0 0
4.07 0 0
4.08 0 0
4.09 0 0
4.1 0 0
4.11 0 0
4.12 0 0
4.13 0 0
4.14 0 0
4.15 0 0
4.16 0 0
4.17 0 0
4.18 0 0
4.19 0 0
4.2 0 0
4.21 0 0
4.22 0 0
4.23 0 0
4.24 0 0
4.25 0 0
4.26 0 0
4.27 0 0
4.28 0 0
4.29 0 0
4.3 0 0
4.31 0 0
4.32 0 0
4.33 0 0
4.34 0 0
4.35 0 0
4.36 0 0
4.37 0 0
4.38 0 0
4.39 0 0
4.4 0 0
4.41 0 0
4.42 0 0
4.43 0 0
4.44 0 0
4.45 0 0
4.46 0 0
4.47 0 0
4.48 0 0
4.49 0 0
4.5 0 0
4.51 0 0
4.52 0 0
4.53 0 0
4.54 0 0
4.55 0 0
4.56 0 0
4.57 0 0
4.58 0 0
4.59 0 0
4.6 0 0
4.61 0 0
4.62 0 0
4.63 0 0
4.64 0 0
4.65 0 0
4.66 0 0
4.67 0 0
4.68 0 0
4.69 0 0
4.7 0 0
4.71 0 0
4.72 0 0
4.73 0 0
4.74 0 0
4.75 0 0
4.76 0 0
4.77 0 0
4.78 0 0
4.79 0 0
4.8 0 0
4.81 0 0
4.82 0 0
4.83 0 0
4.84 0 0
4.85 0 0
4.86 0 0
4.87 0 0
4.88 0 0
4.89 0 0
4.9 0 0
4.91 0 0
4.92 0 0
4.93 0 0
4.94 0 0
4.95 0 0
4.96 0 0
4.97 0 0
4.98 0 0
4.99 0 0
5 0 0
5.01 0 0
5.02 0 0
5.03 0 0
5.04 0 0
5.05 0 0
5.06 0 0
5.07 0 0
5.08 0 0
5.09 0 0
5.1 0 0
5.11 0 0
5.12 0 0
5.13 0 0
5.14 0 0
5.15 0 0
5.16 0 0
5.17 0 0
5.18 0 0
5.19 0 0
5.2 0 0
5.21 0 0
5.22 0 0
5.23 0 0
5.24 0 0
5.25 0 0
5.26 0 0
5.27 0 0
5.28 0 0
5.29 0 0
5.3 0 0
5.31 0 0
5.32 0 0
5.33 0 0
5.34 0 0
5.35 0 0
5.36 0 0
5.37 0 0
5.38 0 0
5.39 0 0
5.4 0 0
5.41 0 0
5.42 0 0
5.43 0 0
5.44 0 0
5.45 0 0
5.46 0 0
5.47 0 0
5.48 0 0
5.49 0 0
5.5 0 0
5.51 0 0
5.52 0 0
5.53 0 0
5.54 0 0
5.55 0 0
5.56 0 0
5.57 0 0
5.58 0 0
5.59 0 0
5.6 0 0
5.61 0 0
5.62 0 0
5.63 0 0
5.64 0 0
5.65 0 0
5.66 0 0
5.67 0 0
5.68 0 0
5.69 0 0
5.7 0 0
5.71 0 0
5.72 0 0
5.73 0 0
5.74 0 0
5.75 0 0
5.76 0 0
5.77 0 0
5.78 0 0
5.79 0 0
5.8 0 0
5.81 0 0
5.82 0 0
5.83 0 0
5.84 0 0
5.85 0 0
5.86 0 0
5.87 0 0
5.88 0 0
5.89 0 0
5.9 0 0
5.91 0 0
5.92 0 0
5.93 0 0
5.94 0 0
5.95 0 0
5.96 0 0
5.97 0 0
5.98 0 0
5.99 0 0
6 0 0
6.01 0 0
6.02 0 0
6.03 0 0
6.04 0 0
6.05 0 0
6.06 0 0
6.07 0 0
6.08 0 0
6.09 0 0
6.1 0 0
6.11 0 0
6.12 0 0
6.13 0 0
6.14 0 0
6.15 0 0
6.16 0 0
6.17 0 0
6.18 0 0
6.19 0 0
6.2 0 0
6.21 0 0
6.22 0 0
6.23 0 0
6.24 0 0
6.25 0 0
6.26 0 0
6.27 0 0
6.28 0 0
6.29 0 0
6.3 0 0
6.31 0 0
6.32 0 0
6.33 0 0
6.34 0 0
6.35 0 0
6.36 0 0
6.37 0 0
6.38 0 0
6.39 0 0
6.4 0 0
6.41 0 0
6.42 0 0
6.43 0 0
6.44 0 0
6.45 0 0
6.46 0 0
6.47 0 0
6.48 0 0
6.49 0 0
6.5 0 0
6.51 0 0
6.52 0 0
6.53 0 0
6.54 0 0
6.55 0 0
6.56 0 0
6.57 0 0
6.58 0 0
6.59 0 0
6.6 0 0
6.61 0 0
6.62 0 0
6.63 0 0
6.64 0 0
6.65 0 0
6.66 0 0
6.67 0 0
6.68 0 0
6.69 0 0
6.7 0 0
6.71 0 0
6.72 0 0
6.73 0 0
6.74 0 0
6.75 0 0
6.76 0 0
6.77 0 0
6.78 0 0
6.79 0 0
6.8 0 0
6.81 0 0
6.82 0 0
6.83 0 0
6.84 0 0
6.85 0 0
6.86 0 0
6.87 0 0
6.88 0 0
6.89 0 0
6.9 0 0
6.91 0 0
6.92 0 0
6.93 0 0
6.94 0 0
6.95 0 0
6.96 0 0
6.97 0 0
6.98 0 0
6.99 0 0
7 0 0
7.01 0 0
7.02 0 0
7.03 0 0
7.04 0 0
7.05 0 0
7.06 0 0
7.07 0 0
7.08 0 0
7.09 0 0
7.1 0 0
7.11 0 0
7.12 0 0
7.13 0 0
7.14 0 0
7.15 0 0
7.16 0 0
7.17 0 0
7.18 0 0
7.19 0 0
7.2 0 0
7.21 0 0
7.22 0 0
7.23 0 0
7.24 0 0
7.25 0 0
7.26 0 0
7.27 0 0
7.28 0 0
7.29 0 0
7.3 0 0
7.31 0 0
7.32 0 0
7.33 0 0
7.34 0 0
7.35 0 0
7.36 0 0
7.37 0 0
7.38 0 0
7.39 0 0
7.4 0 0
7.41 0 0
7.42 0 0
7.43 0 0
7.44 0 0
7.45 0 0
7.46 0 0
7.47 0 0
7.48 0 0
7.49 0 0
7.5 0 0
7.51 0 0
7.52 0 0
7.53 0 0
7.54 0 0
7.55 0 0
7.56 0 0
7.57 0 0
7.58 0 0
7.59 0 0
7.6 0 0
7.61 0 0
7.62 0 0
7.63 0 0
7.64 0 0
7.65 0 0
7.66 0 0
7.67 0 0
7.68 0 0
7.69 0 0
7.7 0 0
7.71 0 0
7.72 0 0
7.73 0 0
7.74 0 0
7.75 0 0
7.76 0 0
7.77 0 0
7.78 0 0
7.79 0 0
7.8 0 0
7.81 0 0
7.82 0 0
7.83 0 0
7.84 0 0
7.85 0 0
7.86 0 0
7.87 0 0
7.88 0 0
7.89 0 0
7.9 0 0
7.91 0 0
7.92 0 0
7.93 0 0
7.94 0 0
7.95 0 0
7.96 0 0
7.97 0 0
7.98 0 0
7.99 0 0
8 0 0
8.01 0 0
8.02 0 0
8.03 0 0
8.04 0 0
8.05 0 0
8.06 0 0
8.07 0 0
8.08 0 0
8.09 0 0
8.1 0 0
8.11 0 0
8.12 0 0
8.13 0 0
8.14 0 0
8.15 0 0
8.16 0 0
8.17 0 0
8.18 0 0
8.19 0 0
8.2 0 0
8.21 0 0
8.22 0 0
8.23 0 0
8.24 0 0
8.25 0 0
8.26 0 0
8.27 0 0
8.28 0 0
8.29 0 0
8.3 0 0
8.31 0 0
8.32 0 0
8.33 0 0
8.34 0 0
8.35 0 0
8.36 0 0
8.37 0 0
8.38 0 0
8.39 0 0
8.4 0 0
8.41 0 0
8.42 0 0
8.43 0 0
8.44 0 0
8.45 0 0
8.46 0 0
8.47 0 0
8.48 0 0
8.49 0 0
8.5 0 0
8.51 0 0
8.52 0 0
8.53 0 0
8.54 0 0
8.55 0 0
8.56 0 0
8.57 0 0
8.58 0 0
8.59 0 0
8.6 0 0
8.61 0 0
8.62 0 0
8.63 0 0
8.64 0 0
8.65 0 0
8.66 0 0
8.67 0 0
8.68 0 0
8.69 0 0
8.7 0 0
8.71 0 0
8.72 0 0
8.73 0 0
8.74 0 0
8.75 0 0
8.76 0 0
8.77 0 0
8.78 0 0
8.79 0 0
8.8 0 0
8.81 0 0
8.82 0 0
8.83 0 0
8.84 0 0
8.85 0 0
8.86 0 0
8.87 0 0
8.88 0 0
8.89 0 0
8.9 0 0
8.91 0 0
8.92 0 0
8.93 0 0
8.94 0 0
8.95 0 0
8.96 0 0
8.97 0 0
8.98 0 0
8.99 0 0
9 0 0
9.01 0 0
9.02 0 0
9.03 0 0
9.04 0 0
9.05 0 0
9.06 0 0
9.07 0 0
9.08 0 0
9.09 0 0
9.1 0 0
9.11 0 0
9.12 0 0
9.13 0 0
9.14 0 0
9.15 0 0
9.16 0 0
9.17 0 0
9.18 0 0
9.19 0 0
9.2 0 0
9.21 0 0
9.22 0 0
9.23 0 0
9.24 0 0
9.25 0 0
9.26 0 0
9.27 0 0
9.28 0 0
9.29 0 0
9.3 0 0
9.31 0 0
9.32 0 0
9.33 0 0
