-0.0035243235238578978 -0.0013015014678710495 -0.020435798630872262
0.016645389499546498 -0.0085151628245696571 -0.0072849444381754645
7.4870388129171875e-05 0.0030284609453686607 -0.0064902183181270185
0.0074541275490155696 -0.0029254737590354136 -0.0034913352442997891
-0.015111283629990946 -0.002068454966194842 -0.00067050467649801824
-0.0047074201680524378 0.00026224309068420478 0.011917143558489246
0.0060673742168817621 -0.0009779288564309319 -0.01589885148369299
-0.00068080116758470867 0.0067153688188319061 -0.00078594290560738756
9.4313838843107731e-05 -0.0021671801438121296 0.0040434538648515435
0.0068663085159797023 0.0092074669438325304 0.0017246403828280667
-0.0064399763329480155 -0.011138616320406218 -0.010736186742937824
-0.0018658465769817588 0.011512936639456562 -0.0035523433168685782
0.0069593965990166163 -0.011315158166485746 0.011401022170227022
0.011132099450034905 -0.0084179784109227832 0.011568842869422573
-0.010888464073964634 0.00063202985731189486 0.0018354844363184881
-0.010437103112211271 0.0060513148059478496 -0.0050569591829390005
0.0057202891379257107 -0.006126019156209488 -0.0058636010184978608
0.0025771519947480367 0.0039778795567532105 0.003844489116039762
0.0079935059264489502 0.012148588057474572 0.0064230282790067907
-0.013760018536076741 0.0084066940231252545 -0.013236369396609431
0.018915833576169726 -0.00036552227732615457 -0.0077807194209087559
0.006905685904749422 -0.010053453587604917 0.011093695773748679
0.0057051225245953281 0.0035576738875076276 -0.0023440916528699399
-0.017643695436271402 0.0053802893813934593 0.0010203834957718137
-0.00057675584063664946 -0.0062750804579809602 0.00053340522583793725
0.0040588128895630076 -0.0083378083694696688 -0.0028967538907512832
-0.00059297575470151952 -0.0013126946648564398 0.0072726153466913211
-0.0027794209288045479 -0.0011488022295430133 -0.0067649826451827398
0.008256630456640655 0.009051609797917106 0.0011620195615482229
0.0055945161335296525 0.0011466329543885179 -0.010777606237469203
-0.0019433045164369291 -0.0017776918351179373 0.0029781948152638976
-0.0036649870488210876 -0.0023814192014597686 0.0050261580692254181
-0.0094749126632079836 -0.00017162313996172142 -0.007547466333011876
0.0044362539584754416 -0.00060781327017953317 0.0037063769552631736
0.0041912243459640971 0.0033140959818851799 0.00527706701184195
0.00092568738165968055 -0.0059486944037020076 -0.002917720353094904
0.006643935532131144 -0.019459001303341092 0.016549767906884866
-0.0038139803121172923 0.0018951873396013056 -0.014090798555964611
-0.0062343526265276426 0.0019428654198979515 0.0038443834983965309
0.0088945010073582312 0.010962591078351985 0.0036537111283967672
0.00066218243644689282 0.004565365972435083 -0.0073572720224131015
-0.0057803857835135456 0.0079725708168920887 0.0033800308644776618
0.011958445759577784 -0.0015375515136534644 -0.0043787662523394662
-0.0013669337952425028 -0.00016523556608094513 -0.0036895518663412293
-0.0024402497716548639 0.0060552315290486472 0.00076615593917860882
-0.0022900630980614762 -0.00061386849460809444 0.0033059502744955736
-0.0071230135088030744 -0.0033935819922581291 0.0031247582614719201
-0.0012143370310702009 -0.00094589308233403808 0.00021014797010406529
-0.0010550106604653123 0.0005419943538687253 -4.5093765858551738e-05
-0.00050131375559905053 -0.002905195441533602 0.0022179264510097502
-0.0080543134230581272 -0.0062507539422487551 0.0059215496212957092
0.0047597716619818256 -0.0023169792858469375 0.0061339095263063994
-0.0014186128264322352 0.0077150818710085209 0.0014102028182344428
-0.0042562532562808982 0.0028953275636928997 0.0065276017939874705
2.1172708758568572e-05 0.0055476352401335272 -0.0058786644715833111
0.0031631655584769985 0.0012616959315590113 -0.0035389764256275433
-0.0018666951266986189 -0.00056713138424071359 0.0093222295522913546
0.0044880857726702908 0.0016472006318935483 0.0010500405302098137
0.004464587935519653 -0.0007451217809642663 -0.0018667099876459429
0.0045149070645633315 0.004156398273193319 -0.008156965022764754
-0.0083252662252432056 0.0066480943758583004 5.7849006757544327e-05
-0.00061176076956999262 0.0011129377884273688 -0.00059869309104797414
0.0033132159830721558 0.004835974142622837 -0.0017581611508090936
0.0012530309018073198 -0.0096571942637995699 0.0065965413552175976
0.017755649012214294 0.00042102340713495436 0.013043997512219534
-0.0039035150158722603 0.0075139467143589484 0.002404296895216125
0.0061350930652173874 -0.0051014710099724402 -0.012577152615457115
-0.00769583208796584 0.00058967497762419578 0.012506836185295975
0.00014651822136634664 -0.0027656143915880389 0.0034593455688335614
0.0052347285900097356 0.0018338368782801612 0.010012426745313588
-0.0092792519659874347 -0.0035634927102824242 0.023153628515780431
-0.0003411158732227701 0.0030725854034408047 0.0037725207032306665
-0.005363452155859782 -0.0062533786069091024 -0.012019792640612236
0.0040727920554395241 -0.0075614915789857942 -0.011369480739334884
0.003625879743621475 0.0052604182388382914 0.0045194019773053835
0.0018356623055348904 -0.00016323831541298987 -0.0037127246181137639
0.0083629196902950953 -0.0036516068268873272 -0.004011020098827445
-0.0043037922629549398 0.0054328357654263694 0.0081125997933754555
0.00068876805798087594 -0.00095449424872570633 0.0075495956170454591
-0.012998040244617953 0.0002203390434515428 0.0073049506491550901
0.0062721416726229957 -0.0019356834336678368 0.0057712650375285526
0.012990859380185666 -0.0049684435080498196 0.0075717116582165924
-0.0026303753442202759 -0.0034553689952265226 0.0096743431935263826
0.0020505964480230713 0.00091506883373499283 0.0094863946175112301
0.0073126670623637402 0.00010896784189929885 -0.0089382178597780058
0.00051007468764451567 -0.0039378861300717665 -0.0010475427692737311
-0.0052500539035024154 0.0026318091412875543 -0.0010626433874099102
0.0013887491782058406 -0.0020313723182424485 0.0029055877843233457
-0.0049294383413022698 0.00021932720765525517 -0.0031470695898638814
-0.0045988191635443773 0.0020457670390075489 0.0064485009606335304
0.0024981215101910668 -0.0035436954354474233 -0.00048110009330837338
0.0007322885514775689 -0.0089996137085470319 0.0031366535231759918
0.001143194280753397 0.0028024418634546755 -0.0030806025065102864
-0.0001320677994292449 0.0013621369783665511 0.0027828880363570513
0.0072997244706359812 0.0021257400590934858 -0.00044684744467759211
-0.00047775650604042638 0.00055621819117528733 -0.0076083714053999611
0.00037858793590395638 -0.0011720697330382869 0.0012153319470295466
-0.0064824981106845134 0.0035750918132814885 -0.00097128392879886614
0.0051629561184240646 0.0038861841756006963 -0.0052083245707640283
0.0046043098518685488 -0.007931435080546596 0.0026194299941443909
-0.00031633072921731558 -0.0022609489644827654 -0.0027614315194108468
0.00029298196804266387 0.003656259127286485 0.0048246033017495457
0.0042691192443469628 0.0045685153996037481 -0.0044288250140250441
-0.0045258723305867266 0.0019177642193725847 0.0069648987688600041
0.0010374096403966463 -0.00040709370051533338 0.0016114888059419513
0.0017680556942867329 0.0061954631270428008 -0.0014857240052052686
0.0048563483354242274 -0.00089813854735485874 0.0068558686978684906
0.00085873244882060066 -0.001817472583618734 0.002442010479758248
0.001113195786608146 -0.0051135757108320655 -0.008076571668797149
0.0040111971295617313 0.008036740382625817 0.0027871976551201026
-0.0019711336315731396 0.0028442322825839553 -0.0024193394374614841
0.001854463491090347 -0.00013867843422428675 0.0084995480984943767
0.008146125308530287 -0.00069081373093836244 -0.0050794752406677999
-0.00043405660782495421 -0.007041720996678714 0.0028248607239472734
0.002659676263971227 -0.0037031852847348033 0.0024916902567581364
0.00063059428534676255 -0.0054157025980006678 0.0082560273981533532
-0.00598270558270132 -0.0026097993368430785 -0.0083141050095228951
-0.0022886926256479767 -0.00097868325742562416 0.0019233586457599384
-0.0039552730823399678 -0.00039708142875077894 -0.0001828121621647269
0.0049480889612062429 0.0004020915822628898 0.006679767309045806
-0.0063397058346442298 0.0028890350439799311 -0.0040917623748221808
0.0042884812974064443 0.0059090641348527239 0.00434062229079713
0.010214796334400023 -0.00025055368608704274 -0.0068228133965788961
-0.00094649402436580775 0.0043373176405509277 0.0004493547107648676
-0.00073377338132099741 0.0091986947908323513 -0.0062280236577857773
0.0077313405597096959 -0.0021857530884225548 0.0043043307538875213
-0.0062230492098517276 0.00114545316813668 0.0032405631819655951
0.0005489504542848802 0.0021178783555395216 0.0036852593575009344
0.0054151150797544885 -0.0037058798307174237 0.0012609829525874036
-0.0013823158818660982 -0.0043153478823290629 0.0042862283654597835
-0.0032866003290977796 -0.0011306098781567219 -0.012987202594650032
0.0019165500524306873 -0.00035497384243846493 0.006581343918394972
0.0051216138191884477 0.0015203610183987864 -0.0043817535065697804
0.0011602102206319104 -0.0013876976900925543 -0.00098322323002734816
-0.0090581781211605955 -0.0040138067398564929 -0.0067064785089756378
0.0082839927855428309 0.0018576041330483756 0.0042632360146867259
0.003317810837777119 -0.0054238630178600105 0.0044843787579811837
0.0018156372020340251 0.00064863465815803419 -0.0061842515382291557
-0.0042559051824402061 0.0059528270523284349 -0.0057383580517359877
-0.0051524424102584662 0.0041639199366977735 -0.00035819347766761009
0.00011266490517170551 0.0019937014041520383 -0.0025751227344346225
0.00025898392061575801 0.0082983077532215142 0.0027518014021348579
-0.0030732981109430281 -0.00071930314022673021 0.00040736934802368423
-0.0042134903887213774 -0.0029287410665579518 0.0042219089781331178
-0.0060805037199557557 -0.0041435502247570101 -0.0026995019249627097
-0.0030098664415041626 0.00078721715235312263 0.0049676771022265521
-0.0084948316421755311 0.0059973121118700136 0.0054849974959790306
-0.0083679785029858039 -0.0040468996915667861 -0.0012611213416962241
-0.0029730803164485834 0.0049402811609193173 0.0058447809382933796
-0.0070838194633074799 -0.002243453892092964 0.0031266534547886239
0.0025526765230824756 -0.0015384783896531696 0.00037816626737933421
-0.016653733162704111 -0.0021447279402277922 0.0042987600430889721
0.0017168368416715699 -0.0047375967034520017 -0.0060889137785939658
0.0046267024230335759 -0.0065641658657042993 0.0013107703255497685
-0.0084554671133178806 -0.0020080475100092286 -0.0046390930134257756
0.0012177027015751419 0.0037610691492101348 0.0093690634602405735
0.0054903222268537734 0.001553667001982217 -0.0010535852501916091
0.0032610028890217029 0.0027824845262181034 0.0069181789537063219
0.0092301385155787886 -0.0031908823341634703 0.0023862451771981528
-0.0016213677575391346 0.00049484826311568862 -2.140516859213442e-05
0.0073186351505221637 0.0039046357348008981 7.6771951204424607e-05
-0.0024184576734547097 -0.0088789847980952977 0.0083161985936817916
-0.00084274421914074015 0.0070278033402953743 -0.0012867291883734944
0.00065271853672127294 0.0086378274141060436 0.0029998242150191894
0.00018779058870297088 0.002526108014612278 -0.0042858615045425937
-0.0065032137231662854 0.0035339910118971896 -0.0036107271284018454
0.0019516695160301748 0.0033166331995495486 0.0051939511743531045
-0.012061274027281649 0.019164371976178884 -0.0033797624662803413
0.00016142950809383587 0.00044346825478718286 0.0019262378154597871
0.0019138439059761024 -0.0058620693831330879 -0.00036897315622144001
0.0052393119944379356 0.0071799156544872121 0.0062396512329259855
-0.0036086876775775476 0.004561931821294463 0.0049215567606522058
-0.0016984341971211406 0.0019662768278663084 -0.0032568127444170991
-0.011586818169663983 -0.010649648913108739 0.0087115997370142018
-0.0042165401706268325 -0.0035204511688714086 -0.0049766209797046743
0.0028139001246756928 -0.00064311322063912693 -0.013399956237839844
-0.002873539362590884 -0.0017229616724880774 0.0064975088828604557
-0.0014802972815033623 -0.0016202088603202291 -0.0034792415515938692
0.0045299044820059043 -0.0021612013400079799 -0.002853521273477795
0.00025848542703305413 0.0053724163731241345 0.0072434830285990747
-0.00045182552741429577 0.00083872567226214733 0.0039548835589020021
-0.0037150861788961083 0.0010242079943874229 -0.0010074358897457323
0.0058575309256698018 0.0042213208349632493 -0.015217021981803244
0.00035394010138498246 0.0010328484934076416 -3.3159332508041844e-05
0.0016978921813738889 0.00073184584097716525 0.016504502668046803
-0.0053212927786608927 0.0044512298673543716 -0.0024689118842363251
-0.0029334079188359139 -0.0091100844139852932 0.0008538638929835228
0.0057988706884615415 -0.0018179064360025366 0.0055958846456465082
0.0054166336874128087 0.00059442164991776981 -0.0025198348132897128
0.0076737218759691675 -0.0021355575702759334 0.0017799743117504648
0.0007676105546498297 -0.0094294678047274517 -0.0041999233219807046
0.014618830433327597 -0.0043928306003634269 0.00054959366208934019
-0.0033833023934264359 -0.0041392964205753365 -0.00156722648147327
-0.0069026508781770378 0.0038423513307176732 0.00061101430293261964
0.01119014965212538 4.9693848218933778e-05 0.00056244001275772249
-0.0024889698099349734 -0.0085916828712838348 -0.0092547195252676104
-0.0013277248117661777 0.0019750468044263648 -0.0052649775936363151
0.0011697089127822038 -0.0162716940968444 -0.001201909558624077
-0.0073606677898756896 0.0013730181930651389 -0.0034841225202900403
-0.0076512537875266066 0.00225919379364176 -0.0088370648811929315
-0.0095447489404976091 0.0017542521179236797 -0.0019932524124958322
0.0047059173949318576 -0.00069965398709931771 0.0045855318077230034
-0.0016519881038887275 -0.0050637542476291812 0.0019583467404717075
-0.0049675895601332546 0.0011001740241844873 -5.3424593576450269e-05
-0.0048801885701309552 -0.0039333383872791304 -0.00042865716781919353
0.0052824304392868086 -0.0013928692976355203 0.0012861699049808615
0.0087303207447886055 -0.0058217183675405085 -0.0040647400166735834
0.0069650854757302072 0.00010915971417531337 0.0085963352684271695
-0.0013382746752567281 0.0015088088994734872 -0.0022711500895850811
0.0047050755895969498 -0.0019726390729379634 0.00015018965487361316
-0.0022271870603638526 0.0034102579204856737 0.0028238946601254924
9.1771495258945616e-05 -0.0035309959575458667 0.0025667509811498341
-0.0051338502778555707 -0.0016181585534472346 -2.3027805516587438e-05
0.0081703003936518005 -0.00066658301572459046 0.001417757001626352
0.0018477135602569593 -0.00098261659638308675 -0.0068593053066731881
-0.00056743175256980093 0.0026880957935230937 -0.0011582628029359837
0.0026778302673166519 0.0062026696713834567 -0.0015773521505367757
0.0047444983697459931 -0.0032368068234158794 0.0033921346147150599
-0.0046629485228526285 -0.0035371036571090978 -0.0027321279615004214
0.0016389686249169808 -0.0054372401122408445 0.0055116382937060717
-0.0019453579627260469 -0.002045394625144973 -0.0066601052089554549
0.0051463089187366359 -0.0055816789986358898 -0.0029901506452917194
-0.0062922029451543413 -0.0010590763742967144 -0.0036424844156606336
0.0073766595685719541 0.0061828304446427066 0.0018785000172841981
-0.00023773515192491691 -0.0098691865964477266 0.0085261906712270023
0.0017340697627923674 0.0040705567836552704 -0.0045360421448862025
0.0010821972139901702 0.0029199092173318539 -0.00070001895745048376
-0.0015250186342889468 0.0023503911966211819 0.0093179472090425958
-0.0033335241619310563 0.0067590881656320635 -0.0080606263614062534
-0.0039237605520269572 0.0058583341440468671 0.002051805397929104
-0.0019209884636295638 -0.0031022912065739811 -0.001861105293747256
0.00082997468567978143 0.0072336747622427783 0.0037448903013974802
-0.00089207316661734011 -0.007718769992914599 0.0021800530665963902
0.0053009046621022935 0.004527106485846452 0.00097303621240388239
-0.0048010423157717249 0.005647120247339041 -0.0011472937970204886
0.0024342001339054866 -0.0013336162840153723 0.0036552183155805387
0.0080474326199563642 0.0027979169839335628 -0.002629998221036585
-0.0030059333423246258 0.0031575892254611065 9.3993203085131427e-05
0.0021030719277033254 -0.0063276018409729115 -0.0062483637079351869
0.0055762168035171592 0.001328938695972604 -0.0010631928751127053
0.0052279032919572638 0.00045136187292296883 -0.006601887269489075
-0.0037022593607050542 0.0025043705374769511 -0.002970006884450893
-0.011947283741017172 0.00017608088079231672 -0.002745631497937696
0.0023936747614940793 -0.00034334629314969881 -0.0014345173994896375
0.00019409043617078743 -0.0014018786627496102 -0.0029886861997358871
0.0012421578457998332 -0.0092497348158462542 0.0018591207644656751
-0.0063387749953435013 0.010224544149076933 -0.0041218983895117706
0.0096392090273859365 -0.0041981677724128716 0.0083301857952659143
-0.0076303631955171964 -0.0080557423082330479 0.0076154914506162529
-0.012919629148490049 -0.0074726031446935241 0.022374291797277703
-0.0026731311625754505 0.01817260945605001 -0.0062560109649918306
-0.011502384843023961 0.00057507937926198959 -0.0029383916285339201
0.0074686621272126849 0.018052832353167445 0.012122558665220105
-0.013970234085114989 -0.00080801643384250819 0.0035951464743794194
0.0083973793356185503 0.011914646567804239 0.0056084669089203187
-0.0055223163364036812 -0.0079340114012146148 0.0056534022166201039
0.00010799868402022171 -0.020339893986178369 0.0048045684930423747
-0.016707279858265877 -0.015267901831041687 -0.00026927702068066584
-0.00052850794164404193 0.0083787734665794217 -0.015195153914154895
-0.0080982205072429245 -0.0023483172182033108 0.0049801743032888129
-0.0073930435203096558 0.0080318553203632403 -0.005023657386720665
0.016628346962544487 0.0034312346657883394 0.0026788275752328192
0.0031963479533964434 -0.010464740511759066 0.008897438927009579
0.0090543010366964678 -0.01020328400530884 0.0092772145933663411
-0.00027013183406049895 -0.0042622141608383464 0.0035977046783896897
-0.0058320221691073116 4.7089320690409813e-06 -0.013757881732611355
0.0028222736521921125 -0.0050942494190385585 0.0085652297378417622
0.0024281738885780914 -0.00723202940698038 -0.011122813964216903
-0.0031118332218911427 0.0041507100618761667 -0.008781376027474766
0.00082911449709622978 -0.0016136759678752118 -0.007463869625691533
-0.028428440924070698 -0.0024526218172604155 -0.017135224476343813
0.019967808271730055 -0.0076745541267611841 -0.017176972014250485
-0.0062194008315418709 -0.0064549174233494702 0.011346978686391158
0.0047769168636243855 -0.0014824334168750252 0.0072334331835859061
0.0060851408755481012 -0.0072790947218046948 -0.0061848134093525405
-0.020390876199607787 -0.016158564747333529 0.013565346199185284
-0.0031603206605642438 0.0099784289610574811 -0.0018459770278729996
0.0011647800300266932 0.0034174634215976209 0.0064066210403432005
-0.011796230930522823 0.011150126199556402 0.016188346963233496
0.0072729077981527586 -0.0089048254660644578 -0.0057041093766571505
0.0093936880434097765 -0.001190559694616826 -0.00058102397212106969
-0.00094372939437125736 -0.0039096763514326885 0.012836745707959108
0.0040891576913987112 -0.0012656390599237951 0.0068421516828712139
0.0090345830792203756 0.017113445564006461 0.0014878264024452135
-0.015379737537683241 0.039667306773828015 0.0033611727477768443
0.0057270520838631879 0.026539415724677006 -0.00214615878957895
-0.0035953653802341377 0.0071505919233149518 -0.0062138007507391915
0.0027013938515913524 -0.0053380175801510414 -0.001832545585229939
-0.0087689502479892101 -0.011631339102659176 -0.01902862024836724
-0.0022195527495028592 -0.015278500260710178 -0.026171431336001878
-0.038159325389888761 0.0131553057475618 -0.011624626758649656
0.0055933342224006042 -0.0068358205289846012 -0.00022081154952955368
-0.026425494419274748 0.028324313700491682 0.00092741779774727356
-0.037670113894041311 0.0014043922740033076 0.0090757058466480623
-0.007350969221363397 0.0021210589172395455 0.019596800226090266
0.014902626491199288 0.025668413580784852 -0.011331612178851595
0.0061626828529070853 -0.015983884909864386 0.010001470322084642
0.014774905382783471 -0.024947934065068702 0.0068467240494250337
0.0003161663271349277 0.024580195088084077 -0.025387364750190031
0.004158985168655668 -0.0037186180753253526 0.028279389314260051
0.001557261786997608 0.028624264114860465 0.073370742537795061
0.0063271877135450084 0.021741280265781926 0.00870676337261065
0.00069748706993873156 -0.0061415900391043861 -0.0099791020115502487
0.017858986666969317 -0.0071423880398641211 0.0075727642754691328
0.0066597335709952981 0.003286612068233948 -0.0044861216762449602
-0.012383594036469554 -0.0070608858091250537 0.0091991116103326814
0.0064285857664920709 -0.0030199913968314159 0.0014189320374284589
-0.011443510138727388 0.0023675822366548351 -0.00088462734822045347
-0.0011172773715990678 -0.0030185247527843499 0.0044098198639162239
-0.0036325191345270643 -0.00033401690230435512 -0.0035392248109078783
-0.0060466197077654405 0.0039727721600756579 -0.0029275337540786727
0.0050230725602878534 -0.0039283105710750379 0.0063871535538829443
-0.0044636345792272098 -0.0012834356561193174 0.00027672805015735235
-0.0017486926625520445 0.0078286638370412068 0.0023054568572147111
-0.00062039947137117234 -0.00092846593343878043 0.0030875475262984015
-0.005342086636516385 -0.00042958675719235252 -0.0012557976146958685
0.0035145899986888311 0.0019554987241242818 0.0041488815862068592
-0.0028295462295155967 -0.0015315823124092472 -0.011005640103962508
-0.0085910438816000009 0.0021891251366313942 -0.0014239029166153389
0.0083801204902966345 0.0061913569253624007 -0.0081873705551595722
0.011292084997162381 0.0066354637387927269 -0.0011950178876595655
-0.0035619162938671776 0.0072221306162663932 -0.011043318043157191
0.0064860693609345493 0.0021117229047493765 -0.0039996613923189098
-0.0016114179369178081 -0.0038621271565458973 -0.0038302706552042647
0.0028156101380260794 0.010914509455536979 -0.013121992112618887
-0.0032757351748247056 0.0079965624278042768 -0.006400210390964502
0.0068419607998539749 -0.0025192179123123197 -0.0087624858781204257
-0.0025498899450675174 0.0038427737440834627 0.0078891030301377185
-0.00074671416858657471 -0.036392165536777758 -0.0077199365685402827
-0.0022785107750479543 -0.0016316957808159606 0.029645636409769912
-0.0064195397710846815 -0.0054832245488770004 -0.0026119575530352845
0.0018392762482049084 -0.0092935694714496378 0.00022419615962820735
0.00040611145911736236 0.0018683017698350602 0.0011995482294179358
-0.0089476677910363192 -0.010530784563825082 -0.018934577570062106
0.00096430002336409621 0.00033811254088325003 0.0041506461956505227
0.0052966990111318812 -0.017303449306872522 0.0022217288946425515
-0.016393561881425558 0.0095579313060859192 0.0013490523881909669
-0.0070460332353932892 0.0044346465071102787 0.012498708713961649
0.012676646812005681 0.0092799374891126551 0.00075176710693396003
-0.0056277952140855953 -0.034646826956763403 0.0061011301948811995
0.0035276825652066214 -0.015917618435502982 0.0088591311068493637
-0.0052076362161884568 -0.0075924216276853562 -0.00014697211389169107
-0.0061928844671408573 -0.020227189339966735 -0.0020369579738813031
0.0041856750898329942 0.008830045550048217 -0.003226973060352844
-0.0062859886886997085 0.0074213426086363688 -0.0057721025817603754
0.0020001655560229685 -0.014384078580785005 -0.0078958754323134889
0.030697778814377984 -0.011616735054413872 0.013253992730252488
0.0041349116215507456 -0.015070614006224954 -0.021937034943847914
-0.0022149356319580743 -4.5507820072766249e-05 0.00023018145509533036
0.0069240996792539642 0.014227329962927478 -0.0029839349197391279
0.011936303336472324 0.0015993447892638658 0.0049584862380651195
-0.0053245376072931999 -0.0013418557074361466 0.028960758044337034
0.00063571448695128345 0.014533655153713812 -0.013074162129895985
-0.0016732286407353321 -0.0059811101571861118 0.0090924761391344682
0.014511351483852943 0.0062467714770347666 0.010162956768154428
-0.0078205698500184231 0.014799377715841312 -0.0024861318378209423
-0.018057909456467257 0.0020445175656108945 -0.0030234216130188445
0.010057225999897057 -0.00042135949032290977 -0.0064245343262435573
-0.018578483083237944 -0.00052089195565329456 -0.01332599966970237
0.015404894372409265 0.00056037845174924993 -0.016278432651230305
-0.0022977630262825195 0.0067391522410223887 -0.0084585795037896445
0.027414859316239264 0.0097467247265297444 -0.0078645252540950148
0.003165850230890103 -0.011230179353559234 -0.012037051996217596
0.024964007436757328 0.0033210807661179166 -0.0053645105374240699
-0.0054356374645405737 0.015555711062330106 -0.0027213127362497474
0.0015099303934695755 0.0010849917949818592 0.0070450408416054492
-0.0087699960780096356 0.0057359462772812115 0.01891477229019033
0.017431151379846251 0.0047949408979181618 0.013899623651157253
-0.013605720871793056 0.0076420420387621141 0.0066604994554240442
0.0064647057380710282 -0.0043143569917810437 0.0049939169472772941
0.012197694413639069 -0.0049958574551798923 0.0054377829566440942
0.01291741152601162 0.0054926690817213098 -0.0209817865934676
-0.010077273736016072 0.00438090528947327 0.023459699948482734
0.0055876964486731217 -0.011335361163675464 0.020277297403829605
-0.010559634850801889 0.0024957560138042863 0.0013092932014398242
0.0028539861495829768 -0.0065234089911656154 0.002218833452388711
0.01582569378536685 0.006460838651706209 -0.0017646162730974044
-0.0093673840129788397 -0.0040265397009027456 0.0016894789656508016
-0.0095690016831618194 -0.0075049215756739706 0.0094961242517583155
-0.0090553210331098602 0.006186559879577524 -0.010585598304659093
0.012866235141532782 0.0065008035278277436 -0.0096090852194833879
0.013147124962136318 -0.0036380105560280119 -0.010380165865677972
-0.0020040784558757675 -0.0010576762902811114 0.0047397792648341871
0.020807045941005776 -0.010375653287116801 -0.0030399883380143344
-0.00078109407956664838 -0.012139161339331191 -0.0051046503751937759
-0.012341365829567776 -0.0024922628655600558 -0.011445952902317836
0.01778981534247236 -0.011007078029553967 -0.0003366634938070364
0.0016425039075734153 -0.010622520223890229 0.0040232760875354139
0.011945403986759966 -0.0039498358147847723 0.013642585592436951
0.020479758060820606 0.002071063144903539 -0.011710135959480202
-0.011937432076214838 -0.0085976790304728989 -0.0078981574898156649
-0.0015126475225427098 -0.014583768807110785 0.01452326934448772
0.014397065313628672 0.012583849779271079 0.0023622081644913257
-0.012118925038600618 0.015842466966652945 0.0119210011621476
-0.017173217439700218 0.010571279086182477 0.021020812162003188
0.013700207290553594 -0.0047756846756116756 -0.0039356450934235638
-0.00046668233788710371 0.0036262400320663736 0.0049792748332474195
-0.003513888583179831 0.0070313217412113571 0.0012904085297241721
0.0045135753688888757 -0.026141485579873898 -0.0087959736808772854
-0.0046415497756944349 -0.0020937122179086709 -0.0060660574772983551
-0.0030744256062523339 0.0027533417870326663 -0.0098845031743504414
-0.0085723101734868148 0.024795329178290339 0.019436136781801668
0.0035756396808851241 0.0041677997138946732 -0.013859527981278029
0.0041211867632722976 -0.0094244769030515999 -0.010753239606997771
0.0040321067515833092 0.0018996366797573098 -0.0051024348889410227
-0.0051437797428457383 -0.0087892965160329371 0.0089514611669182492
-0.0026255528004490926 -0.016595256277938092 0.0021917493763616547
-0.0048075872359970373 0.015074864678603618 -0.0048141130749912876
-0.0041933764899012372 0.0018695956877114804 -0.0078615603279819663
0.0039106599000669406 -0.0022588150826645041 -0.011956933909481467
0.016952977882794144 0.0069123547668826025 0.0061970668147174942
-0.0081286200292414526 0.0082951556322263531 -0.0036219072439663707
-0.0064430537436625463 0.0056020204274954211 -0.01063945726165891
-0.01026598864993284 -0.012157826983740759 0.0039181486445581488
0.0065612404042698141 0.0027665262957233335 0.0039658744277495748
-0.018251782256574402 -0.0016947092868031318 -0.011018187924542401
-0.0047811951916174123 0.010533478892461867 0.014584512528063876
-0.0062453647145393693 0.0076590899858473916 -0.01093462375824226
0.013985287950434765 0.0051269999443874998 -0.0047165060789050132
-0.024768853044569529 0.00031572461864656152 -0.0081825879933956503
0.0029418693910090092 0.0028108071109690393 -0.0070247551172357998
0.0022203263231593893 0.012119481510216419 0.0013036509472864591
0.0074252950112025434 -0.015397559287442068 -0.0033206420384719764
0.020316281858869668 -0.010944577631963166 0.021521119084945608
-0.0050068065337509427 0.011988921741036582 -0.0056758610699872165
0.0040066700517946063 -0.0017172885816902829 -0.0021094235728583454
-0.0071048941233537244 -0.00073734856459480665 -0.0047228866133528658
-0.0049952759000404809 -0.00087123322301402935 -0.0059294654347636661
-0.0015267616345346143 -0.0065725069548010729 -0.020486354387889878
0.022201615660213551 0.0062054533365798201 -0.007464353556235934
0.014457446564890543 0.0011541088013169571 -0.007713309636724822
-0.0065951696379513087 -0.0015940011743383429 -0.0029399014865638001
0.00074429716364419292 0.0016296946374596631 -0.0016689929305896154
-0.00011085880680990942 0.0039693051184280037 -0.0082032962623203119
-0.0082720139531675743 0.0071678108819435747 -0.011338202322179148
0.00047991273379844414 -0.010166425819603177 -0.026608251756963661
0.00074616162897440204 -0.010912063861735564 -0.020808995359871078
-0.015426831868728161 -0.0078653361981576228 0.013267883636966097
-0.012043330620776102 0.0058274745776763026 -0.0012125277573852621
0.0027177334299242832 0.020099335081021553 0.0011858693412063034
0.010985546570508091 0.0020970705008230566 0.0079915366962609643
0.0006397784165899016 -0.0062280002333310108 -0.0084070288109256448
-0.01283269308821948 0.0037321993890539547 -0.010814543605889961
-0.00033253501403184054 -0.008909801852298985 -0.0059764664571458365
0.010597872195901657 0.0041354139233807452 0.0044923080687623556
-0.0097202375729946791 -0.010249578248235476 -0.018743112552145644
-0.015328196369849049 -0.0016419142183214587 -0.005490997534863833
-0.0025761517725136009 -0.0070657450588811127 0.0026538979780674743
