0.011066749444247266 0.0050507271037442854 0.0088690280446541668
0.0075282001385982966 0.0055854121593616746 -0.00011602537022416548
0.0037257265654638176 -0.00048765940680311381 -0.010286247817375376
0.0013118396082968233 -0.0032091098312508376 0.0054610788401472732
-0.0082216124075352674 -0.0017167371702288274 -0.0065534760138578818
-0.0015804937362619736 -0.0022556732532710744 -0.014045830331247126
-0.0048603209217317339 -0.00097184715547347607 0.0041269041635554416
0.00018629618085465506 0.011259267698341978 -0.0071618737375989004
-0.0091348420306582977 0.0070221889129440818 0.010675809448455555
-0.0017750571127194568 0.0014022714702700951 0.0071734796475109528
0.016616107371574082 -0.013002378122116645 0.0029746211755794839
0.0053568598553903075 0.009360763844857227 -0.0054999057405876106
0.0085267648331794916 -0.0037962298621492716 -0.0028210699008470621
-0.011318676585084984 -0.0024238403449292852 0.0045823291106076485
0.0099658261679558286 -0.0076854446575761355 -0.020502120767014947
-0.0053103453270775128 -0.0056321598422510782 0.0066431371614693313
0.00014553768565447027 -0.001149679099274015 0.00014798921963638718
0.003915589944274633 0.0048699353687093362 -0.005912973413412537
-5.329144270323374e-05 -0.0006067689965056775 -0.007043018348760653
0.010065706965265998 0.0018945283494861197 -0.014952860484608397
-0.0072544826573039921 -0.0088439159810168519 0.010253198461438483
-0.0034240904427245752 0.0031508412088376496 -0.0030807349706277912
-0.0062164195498931128 -0.0088432910969401327 0.00175547622375334
0.0014058336687082873 0.0036972821203803542 0.0049576446234117786
-0.0087207893676417448 -0.0065497804392023497 0.011717273959848389
0.0063801976386609876 -0.0070079704694730851 -0.00011289007939066451
0.0018775297727145863 -0.0082653946466134873 -0.0030891441003546845
-0.0086960822635809027 0.0054766920105143689 -0.0022765159028115159
0.0017705963008248177 0.0012453928207790603 0.0078988678430326354
0.0023739212517831024 3.3818256049255773e-05 -0.0053428502599372268
0.0077390862832566023 0.0036426043907503941 0.003355221285713062
-0.0053740644355536327 0.0040196408379233328 -0.0053316616282084476
-0.0049407720485959367 0.0080870198020893541 0.0041696780740804193
-0.014671833281726951 -0.0038967823433139633 -0.0079057235941283992
0.001208278786062207 0.0050794367893192 -0.0025347948131472227
0.0050506604495618671 0.0038273228045960154 0.0021736883323777542
-0.0018583772515696742 0.0012177433025065266 -0.011061526158387534
-0.0015585823010341256 0.0045898342838443431 0.0068948369449426472
-0.0024494425011450916 -0.0087224026353159741 0.017430373532887473
-0.0047229992297136755 0.00094049608185708229 -0.0061556741665537767
-0.0058871617412482218 -0.0064824447955067884 -0.0042098616854197033
-0.00083754995665299363 -0.0012088482096088682 -0.0049948011167474694
-0.0075930162684990374 0.00069846522747469208 -0.0051434120817045624
-0.0097412352658123296 -8.5095211088435601e-05 0.0055184549722122021
0.0047579711460601802 -0.0066266395860807899 -0.023974834476175513
0.00047685922779220068 -0.0060323304585894882 0.00061168952144852933
-0.00051371244577435237 0.0042263582859971066 -0.010041600886025664
-0.0006711618960084947 -0.010093935378818154 0.0020557901577348586
0.0010134001092662016 0.0067115942069869566 0.0069684736554528398
0.00020931358478799774 -0.00088045912508824921 -0.0067102004734145865
0.0066475350461971464 0.0017644598052715846 -0.0037744379862299083
-0.0038566261296979574 0.0088640688564714729 -0.00075548150243576206
-0.0028874649348808166 -0.0058252191622405608 -0.00059452994820957618
-0.00021951591158377671 -0.010064505324155856 0.0015999619082336283
-0.0063265167649248335 0.015242179368692432 -0.013889262617131203
0.0026827469502358325 0.00033718270441741475 -0.0028648760252749992
0.003829401517613486 -0.00049360059924368133 -0.0059235718917027775
0.002428531501708367 0.0029491819162127896 0.0092558287094052557
0.0017826138018667405 0.0014425197951951833 -0.0091701021319328599
-0.0053492327504522054 -0.0087847043749232218 0.0035695443287726771
-0.00028829736223725291 0.0054729383543264572 -0.0036332932821791677
-0.0048930732890413702 0.0024004854389619991 -0.0057210220891843926
0.0088391268507926023 -0.013508929145036123 -0.0089871674968406458
0.0014531358522398808 -0.00096478044716790735 0.0041645450744553442
-0.0020144828954747011 0.001643344059521247 0.0038174864867665946
-0.00074360964686160161 0.0018275184727448222 -0.0059957686354239126
-0.003496295410010378 -0.0038804013350204965 0.0071276171984667675
-0.0011267742663129685 -0.0019067941417732211 -0.0074863736280413543
-0.0085137806268754199 -0.0018449431299022363 -0.00060204972749139157
-0.0081823371279455843 -0.0074316028433712104 0.0085383520835735395
-0.002282103429542414 0.0013151169552341065 -0.0051289097353452067
0.010552577530964417 -0.014550180356283596 -0.00064798980406212175
-0.003115778281287564 0.0072349130470975966 -0.0024194459474082305
0.0021363809114803237 -0.0033260704187900885 0.0068046440592425738
0.0107622392687422 -0.01216068270822292 -0.0029902582047824848
0.00096182577521543831 0.011326358330499532 0.003742184038082018
-2.6089436063128132e-05 -0.00047267946757881995 0.0085565108419791945
-0.0020707671348907438 -0.00050251732077772856 0.00098132957255328015
-0.0002933927085842527 -0.00049489234616481267 0.0026602784328926114
0.0029463122137194844 0.0078776719308696255 -0.0040879497313062582
-0.0054666282926001623 -0.0027957186519929089 0.0055889746901403043
0.0077603120182899773 -0.00051571035593503173 0.0034563722631764525
0.00687476496960388 -0.010189681125543837 0.005405530813415522
-0.0037090334085494968 -0.022336695234409072 -0.011585054528618317
0.0032170078383266789 0.00090986959085753944 -1.7338996104067119e-06
-0.0063575325166654638 0.00013424848122264036 0.0017867116732603985
0.0061117035780992573 0.00063636971742925925 0.0023048679366902999
0.0060828496175788227 -0.002696536576065394 0.0011699863771416511
-0.001017035674022682 -0.00067312112958024058 -0.003624927906212543
-0.00058496222029065395 0.0041438251450722063 0.0034349493839984655
9.9741646576884609e-05 -2.2288997208651179e-05 -4.2456951494013809e-06
-0.0038608848865298723 -0.0011526031215444428 0.00034384687215028063
-0.0035403919242565406 0.0010598093688339858 -3.2033668328203716e-05
-0.00029062281803428591 -0.0019736116764826933 -0.00045779235480750423
0.0017970135442927891 -0.0010270998219407616 -0.0024383692008784637
0.00016136238250858743 0.0028120917496789865 0.00021623071497844983
-0.00081567247638130835 -0.0013153782997297767 -0.00088050388277685491
-0.00035517402495530479 0.0021820097077079321 -0.0038699289021984361
0.00090858051638657465 -0.0061045487344085865 0.0041362287376606717
0.00075757544275927642 0.0048264616110361182 0.00116613284968849
-0.0063714198908356107 -0.0045225126249142031 -0.0052682686864273876
0.001293579664018704 0.0010723559365927726 -5.2521822063472085e-05
0.0015126411889773207 7.6540030154801408e-05 -0.0017893619445075854
-0.00050660882502027299 -0.00029650377490624918 0.0025430696669455845
-0.0054914707777986181 -0.0013365652359674258 0.002839724331658668
-0.00071858393223773142 -0.0014267952234258696 0.0030972064120808915
0.0060131517727535326 -0.0021634084283933077 0.001069902600091875
-0.0009108544951397982 0.0031817794723757787 -0.0036832483533168936
-0.0024065137360663102 -6.5607687438695172e-05 0.002888057058600181
-0.0011967775753163482 -0.0032215022535884556 0.00011523048866290523
-0.0043029611018805519 0.0025067484622539791 -0.0018136477523115755
0.0022279875701766982 -0.00052692981810515012 0.0042792129713868834
-0.00057053317457035873 0.0050600999436227635 -0.0022376970470553382
0.00030173059324190742 -0.004948914338514198 -0.0034505332924424158
0.0042552917598997955 -0.0010523532179927872 -0.0055827588087257124
-0.00091003246103463448 -0.0031214047563989334 0.0021622216635485253
-0.0027437807684170404 0.00048354670916683789 0.0021979403355990132
0.0012154341387722964 0.0038092353291268202 -0.0031053428664473844
0.0032707158742557342 0.0011322810082470781 -0.0039056500772530543
0.00156348581492343 0.0015027002795351752 0.0045669310326019877
0.0019822539589840838 0.0037284535328221012 0.0046148479804174912
-0.0010395883582904953 0.002158864591728342 -0.0011254136921232639
-0.0049603248487379171 -0.0014679652701094542 0.00024440661683368712
-0.0017159257009350243 0.0046680163727951954 -0.00536303460821659
-0.0049171796484223998 0.00078149015275651211 0.0023153551233363883
0.0060562866948916652 0.00363153983791416 -0.0004673083078298535
0.0015178224921370564 0.0049553858641922443 -1.6763693377765582e-05
-0.0065870392241906862 -0.0019276741605742183 -0.0021365820674608552
0.0015767336035436817 0.0043399035394493541 0.0058180413255361635
-0.00081541173912180233 0.0010639490954858881 -0.00064772618230569446
0.0025259043533478755 0.0042452720903773901 -0.00044190990810806285
0.0045224876999834275 0.0027219887132308332 0.001408394360535284
0.0045332486922367117 0.0021716130052858323 -0.0015815930366014192
0.00077629271299003955 0.00030393348018782678 -0.00242389079396885
-0.0034466933506383593 -0.0012987111339805976 -0.0035787291474544494
-0.0015829889187659785 0.0030968445005218909 0.0053247470585850746
-0.0037047525197053989 -0.0033885194031683871 0.0043937174208184913
0.0017246514986022964 0.0056168303059226897 -0.0060606786162753215
0.0062283096133998097 -0.0038114408404267192 -0.0011371803864516459
0.0020808648891624958 -6.1060156171766791e-05 -0.0021976243754970137
0.0021100629512098459 0.0026131936947727153 0.0039747694481033231
0.0017895144371504173 0.0048708490209565039 0.0053447726918768217
-0.0027257935845996072 -0.0032388279337076855 0.00043355795433194273
0.0007495992031544131 -1.6655375849834979e-06 -0.00045503248121457558
0.0012544782845610467 -0.0014475069509544683 -0.0027990214591878683
0.0031493824501147259 0.0002808150870567383 0.0010895635780169659
-0.0047379945546631545 -0.0015961403242723388 -0.0033654999602430193
-0.0028758114671646835 -0.00071697489424676073 -0.00054681658725084104
0.0018100709260265725 0.0029822527650258507 -0.00051488930290098883
-0.0050867297172690748 -0.0020272085942840035 0.0039028822638633455
-0.0010312365041018072 0.0011758925417692991 0.0020217457241948895
0.0010603438904030411 0.002065714896194002 0.0016567066031666327
0.0064624361321837017 -0.0060304864575699436 -0.0021989057287149262
-0.0024195219990595343 -0.00098181896168273927 0.00020601324814810128
-0.0042850728682499884 -0.00032340145707653202 -0.002590897022145842
-0.00081571592915377601 0.0039172658606125999 -0.0049305239677840118
0.0020776177904766988 -0.003211526779363988 0.0018482036162630622
-0.0029460423071629867 -0.0078829456291712105 -0.0012118585255857116
-0.0026930551512878076 0.0063915938874840924 -0.00066475645347016112
-0.00034933211857109651 -0.0057926294029448742 0.00094859284846661701
-0.0038502267083396413 -0.00564407085606323 -0.0016272804599791171
0.0035270047184427162 0.00058726378898096853 0.0014020792230685704
-0.00056299530843702944 0.010056204245351162 -0.0049474198475280571
-0.00071682010338034352 -0.0012429990891694 0.00080590957546041646
0.00055856922338637209 -0.00039615885146687717 0.0034286610689089583
-0.00015094031794042579 -0.0039435092175143915 0.0020650140005200142
-0.0024414234437072592 0.0015384485743664923 -0.00076633770698161352
0.0028844079119541071 -0.0019677990294672135 -0.0051364338905805912
0.0025862545042036516 -0.00024576269415305319 -0.0025570034953776226
0.0026416118876405846 0.0038768410556952746 -0.0021071225999023968
-0.0060541992503293611 -0.0044633251001161929 0.0017610679783326762
-0.0018197726092396094 0.0057555960968765502 0.0022145174827921305
0.0036215727455481085 0.0026358665402492734 0.0062782783084475158
-0.00041758258016496766 0.0027696501312123607 -0.00075745166435177197
0.0013980749476428559 -0.00089353901464750798 -0.0049566973444787983
0.0019825622760128161 -0.00040123313928395668 -0.003835502315870906
0.0056763182670999191 0.00055310827209398121 0.0037564536037909559
-0.0017289417098965026 -0.0022624075796133613 -0.0018239081578714932
0.00053648237554793662 0.0060518094460737361 0.0044239605107146964
-0.00058735536187146391 -0.0052470012589765887 -0.0020205292101454649
0.00013503489497009475 0.00035957912101346358 -0.0029834497903123295
0.0021301712222326708 -0.0014225933298060978 -0.0022143443855258643
0.00042690615378162075 -0.0041229965535566244 0.0037846441438950345
0.0018279859984118396 -6.6316552275087431e-05 -0.0028704989126123732
6.5961656285797889e-06 -0.00033094224682731318 0.0015355942505504573
-0.0026375278483647697 -0.0066534839228227609 -0.0030394268019798137
0.0010885201814922272 0.0016644322584094544 0.00096052073271191325
-0.0021236281186286631 0.0023229923793109549 0.00030781873299147591
-0.00093761001556025324 0.0043397677121762811 0.00091947453970270992
0.0043388902691057505 0.0012080999772498173 -0.00056211070804090748
0.0020067204039825931 0.0011670293428717819 0.0014574035887596063
-0.0041562208242049087 0.0029784229187841053 -0.0012615717027889193
0.0010509584668713359 -0.002614079976857839 -0.00014167346663024487
0.0033376707750869868 -0.0037854103664709607 0.0033079861386923989
0.00072843883856029909 0.0019169919923169676 0.00073940256046163262
-0.000871317694698081 -0.00088689162005269344 -0.0049505537764035403
0.0025372250870294784 0.0021749759093320632 0.011507621082758563
0.0030263603877593364 -0.0037806715859824169 -0.00084348474365684241
0.0011568873441652832 -0.0034453920465554186 0.0053608548282377171
0.0013468330211306747 0.00018762719954156724 -0.00012771241582212821
0.0022757044593969913 -0.0021917015253237826 -0.0034720364349269737
-0.0037437653798320049 -0.0048150691033245633 -0.0016305492801079954
-0.0011429055128429095 -0.00024865487351211334 0.0002073245564685329
-0.003807378955270304 8.1478042742882931e-05 -0.0034076523335923484
-0.004461653249231208 0.00083534690464471715 -0.0012267014221643759
0.0025885235448023019 0.0051941734551145674 -0.004982786952066498
-0.0020856066641517751 -0.00034890484134136537 0.0025138727557681355
-0.0053119725443387892 -0.00159274644369559 2.4622399035472748e-05
0.0027356614822438364 -0.0086376085674114908 0.00089751842663889027
0.00054089088011500142 0.00082006475583703772 0.0017581058610932631
0.001967324570173002 -0.0038930616767079342 -0.0019818334908044588
-4.3477207495433539e-05 0.0050087828242210454 -0.00090959201952664048
-0.0021673289759131078 -0.0018814525426938985 0.00094657584780743402
-0.0018865459161226809 -0.00093986240002851375 -0.00078789404681601832
-0.0027125237305131921 -0.0021802348842208347 -0.001753578099636397
0.0005521239602560914 0.00067023830885090013 -0.003981860147273906
-0.0013317061898545893 -0.001462942773017012 -0.001846112230917498
-0.0018754538462745422 -0.00094032713949064931 0.0033403308986719206
-0.0052624670447814865 -5.0812416643792771e-05 -0.0044234611985509709
-0.00065104251335299087 0.0024307943030826046 0.0019387643671732689
0.0013660540603079869 -0.0030112658717247908 0.00028610173700502746
0.0016278429940227172 0.003511480016447981 -0.0023089381002600138
-0.00063192896644381671 0.00012663635049958846 -0.0026196311318873464
-0.0026139931421288896 -0.0021869132797359071 -0.0011594530594630219
0.00048834308694002953 -0.0006569592980301182 -0.0016469857191963374
0.0010588085836844446 0.00020229402293146602 0.001823355024110695
-0.001981335526259466 0.00082894554384475296 -0.0029363497698249382
0.004292400922393449 0.00088474327269822686 0.0013834466445416733
-0.002303200759908653 -0.0012728453426730675 -0.001277099401269818
0.0005002871300071476 -0.0022617283639001979 -0.0039316817482579541
-0.0022837940670364979 -0.0030706679893061505 -0.0042897592732629858
-0.0035934730811887842 -0.0029411746597908998 0.0030225084124769967
0.00075060921042228903 0.0004947218545942549 -0.0023478356302545052
0.0027249077340436908 0.0014557918395234357 0.0041631221349037661
-0.0019741743344473504 -0.01034026898031784 -0.00077214808716246448
-0.0042501274208914391 0.0018065651037265078 0.0045600469001715561
-0.00055632935930200334 -0.00097467719665525075 0.00036184604187544
-0.00059653997793952189 0.0045363702906512553 -0.0064275380121569517
-0.0014891785780339764 -0.0081179234260528327 0.001988655605490663
-0.0018678403389689742 0.0022982878255082433 -0.00068210796180988601
0.0021019636856452755 0.0026425130688346038 0.0016806904452392783
-0.00013745963192376352 0.0045119063614552082 -0.00087915694513610672
0.0025725600956161953 -0.0035575920704008202 0.0030386220077932087
0.0046229826931645946 -0.0021302895408192462 -0.0016105414041400333
0.001543383153813775 0.0043421799548946163 -0.0032812513782662154
0.00055099159135210522 0.00025080607020663105 0.0012435960429595598
0.0047383510070473332 -0.0025166736553376705 0.019328193794225408
-0.0035454155341078323 -0.0041221803061503191 0.016745168674447274
0.0313048423068647 -0.0087346294988518772 0.0028256255827863942
-0.011565313569516402 0.0027578719575525527 0.0095220798674440429
0.00092210547565725446 -0.014656029840879447 -0.0020975896857521113
0.01005455328164266 0.0014083661889893943 -0.0085077513509371691
-0.0017700442518249636 0.0047095565005632681 0.011794404565710893
-0.0040713560960511531 0.013340723290025249 0.0081016934605153759
0.0087491456562433234 0.016322077606744867 -0.019743588036607463
-0.010533329991794793 0.016406301320735471 0.00083227363094593289
-0.027289425956941477 0.014530406228699253 -0.0037621155863350251
0.0049691989697893037 -0.018591474399341591 -0.019085607911899206
0.0082969376482960582 -0.001458756075803569 -0.012614960812648512
-0.0077847219878557439 0.0069216872415346561 -0.015647911837200646
-0.0028153034911682241 0.0020988182125746264 -0.012304491499944246
0.0035682537899352964 -0.0011891051207805104 -0.0055178361083597144
-0.0044641918258753518 -0.0042433290734329096 -0.0026848887886049551
-0.0060104167627689602 0.0053936628907879508 -0.020085567837019074
-0.011114131207539299 -0.0022540029393856441 0.014979886269842804
0.015099472668760503 0.018601632912765835 -0.019381477554718186
0.0053172609527566157 0.0077408981346622704 0.003219936753387984
-0.0029760628390251404 -0.011956979692427365 -0.017600963779557298
0.0018584000712663555 -0.016568564289708827 -0.0028899503814519552
0.0017529285618124015 0.022065455667011791 -0.0055142524719693159
-0.011055716467926658 0.0043148806390421041 -0.0036355914394972165
0.023433730065957295 0.0019342774506399987 -0.0051397862729385601
0.0039897574787073602 -0.037789631485178977 -0.0055916471434485004
0.0024878822079974824 -0.01501265492090185 -0.0066476825539635636
-0.023150229327166573 0.0096047362297571447 0.022898715385674194
0.002393618815545567 0.0070626678147939492 -0.0097623940139563645
-0.0069912650819610057 0.0098142056393121166 0.018447634748079041
0.022423074659465338 -0.0040809661243453796 -0.0083315921374274085
-0.003615053269597478 0.0070230117458940089 0.00042811931984559269
0.0018375846562464616 -0.0034278970255387999 0.006406607596897978
0.0089291969143391933 -0.013908308054265156 0.010182953862726961
-0.0084098506778321879 0.0015172198612851957 0.014984565036930235
0.026895733895960783 -0.022380374717081167 0.017850927546170309
-0.0064658906233635936 0.03560251374451525 0.002510761832785926
0.0074180466630416756 0.0076257067832976831 -0.0084725004179454014
-0.00034782348376010704 0.034130916859194484 0.0056143802314795972
-0.015752436619261009 0.02424991866978625 -0.011455678721416708
0.0060790347657968501 0.01060158215674995 -0.014749509663335368
0.0086902111447034244 -0.01354957525119475 0.014845739030295069
-0.016555327077525505 0.0042101060502335551 -0.013929419021889381
-0.014722723246732581 -0.024747703879418177 -0.0071020021121980465
-0.016432100053430258 -0.0029579418125976658 0.012950280184427874
-0.017548218451848611 0.010209668391878772 0.028646237227630333
0.0149323167640712 -0.013192944767552499 0.0024686669349311867
-0.015420541004667271 -0.025209726940289313 -0.006117413988707297
-0.019034063325345019 0.012116450087601706 -0.0022039406790174236
0.021008384493536335 -0.00451781721756886 0.00039127747390166481
0.024106393673468278 -0.004967907420752371 -0.0209659900842523
0.0066215548931985776 0.00064669908336301033 -0.016512932651781814
0.021203134323385435 0.0089260711587453752 0.0030566721191551825
-0.030064956114994081 0.013796756131758681 0.0014118691342963798
-0.015391690490716915 0.0087013236124645621 0.018578736572696108
-0.0065335156523174294 -0.0016418714671794584 0.018804710450731954
0.013446910300923728 0.0062398007726348348 -0.020302993716637928
0.00044472247780551042 0.0032696677952172497 -0.0083773019134217933
0.0031072295524231779 -0.0054317428850518892 -0.011799580291466515
-0.0075212608724762441 0.0043210811009546796 0.0034970346313854474
-0.001487500876647717 0.0028306227923310004 -0.00085399161448448198
-0.01396764422108439 0.0043008220626359756 -0.014564898701523964
0.0053852546294284442 0.0023372978018748112 -0.0069613913244305067
0.0024108586031749302 -0.0045568630181391026 -0.0063481752510779399
-0.0011915813552691461 0.0021724544785290327 0.0035027295973669649
-0.0046654235140726075 -0.0077377503619433727 0.01390346334892447
-0.001429181395275385 -0.001438827231535635 -0.012820909891654374
0.0044911789059432616 0.0009778581129043294 0.0036335499050001653
-0.0035666108342648235 0.0050474265854091385 0.0037156210317577589
0.0037688194434344086 0.0072640851339501496 -0.016663236908095749
-0.011415831767588232 0.008470739512819906 0.00096336215280667296
0.0019471448272797688 0.0060015462028373753 -0.013820573712358598
0.0011617293779319553 0.00025159570626594841 0.0018095484544388355
0.023046034579217799 -0.029091652493786847 -0.0060326329073114643
-0.0014347077583833094 0.017229994719293866 0.0015621387376628943
-0.0074404023692958166 -0.013337413102838321 -0.0010984675566341952
-0.0096802650443723343 0.010369196826990966 0.0086438717170569113
-0.006856232313100093 -0.0023070296831957664 -0.01028799511162996
0.0059839344832274943 -0.0088977080053041016 -0.0033788428691415863
0.000726400262771888 -0.012489726026769319 -0.0018721598618045767
-3.5925626360360143e-05 -0.00729040179253828 -0.0041357311439901073
0.0077974591874122156 0.0095647054047661925 -0.021457653249665927
-0.015035297796285861 0.014988870838320775 -0.0099413915980164566
0.010426101974330788 0.00037546449668476482 0.0088079526295523347
0.0019786276263518403 -0.0088932403747297231 -0.014700727907613405
-0.006646989326515822 -0.009074310741299739 0.012375248041757145
-0.016969505327819615 0.003713315678319055 0.0076659938834673577
-0.0062132264410030506 -0.02194879649690034 0.0059643905414404974
-0.01010329249598064 0.0012220048334350068 -0.002738772083096037
0.006835409173280382 0.001087317250007012 0.0023924620565387651
-0.011631604504186004 0.010114770601843249 0.001928026796397108
-0.0086563613080063665 0.0015136553706243633 0.012704103747912275
0.012008021318488429 -0.0026887027162298687 0.033086451418312034
-0.0056457910906648513 -0.0079936381829167485 0.01029466424746666
-0.01038179196896666 -0.0024427523517827313 -0.0066809737660956164
0.003616539779282597 -0.002279755930972779 0.0073636072169850015
0.0037614220979481482 -0.0053963945509217792 -0.0055114110464989435
0.014340588648118364 0.0068745562840621527 -0.0017437440992500504
0.015281262560358081 0.0032785193526144066 0.011065517264895151
0.0021111285267847706 -0.0033781150314906197 0.00038293159584653892
-0.0093294290034030992 0.0047929425460178574 0.0030919046558041748
0.005316203520394561 -0.0036465191322687181 0.0080164335954630087
0.0066894909741389754 -0.012654494052143174 0.0071497712087258492
-0.0039298648977391885 0.0017058890528575603 0.0040966809268233205
0.00029414585735246956 -0.030564516162650872 0.020225866100269406
-0.018564061888107778 0.014800629375424666 0.0078366455379575116
-0.0021883371322064128 -0.0037310688819895484 -0.010513138957395026
0.00025978383845699625 -0.022267513017933317 -0.003255243511915674
0.0020253930850304674 0.011369064371175512 0.001908582195877314
0.0077889777956314087 -0.017979002411504984 0.0035353335500361159
0.0075192566694248907 -0.0045966891356704134 0.0013121314166037689
0.0015325351758974633 -0.0097005072044585687 -0.008598349457749517
0.0028192988897259696 -0.0091991123431967095 6.2430532078384143e-05
0.013743323612972589 -0.012313775142214864 0.00036928153098058557
0.013022884486938462 0.01325201563095877 -0.0024253437110283225
-0.0068132241432837127 0.0062814720796062293 -0.00025074673935030568
-0.0059111361371662775 -0.0077517196642604771 -0.0039442500489022319
0.0013517707117795734 0.0024056657671929836 0.007188541053653374
-0.0080358371638110954 0.0041614575178027732 0.0044341036201809509
-0.0043249386120695274 -0.0013700296591053558 -0.001043953057069099
8.5717774231648129e-06 0.0068333532242129888 -0.0098547715732753352
0.0042846144607241593 0.024848226218097701 -0.0032877919345685072
0.013436616593405016 -0.0091390477695110564 0.0037144271951865056
0.0010722428770855495 0.013924809676845958 9.5292232857085185e-05
-0.0081584376326474164 0.017515763785015508 -0.0031094566236944047
0.0018784723053764717 -0.0070144901779341309 -0.011431833847616334
0.021833450599429413 -0.014567351741382094 -0.0062107966936353204
0.0020180916503751822 0.0074720140766851642 0.0078389217177014872
-0.0010998497988341531 -0.0057621679536687606 -0.0042310498818401493
0.0016860680028865772 -0.0035682982906824691 -0.010808564404421579
-0.0026630515668463074 0.0040190224660502163 0.0047455544828199159
0.015655496215872297 0.0049228483464896083 -0.00085296890025130607
-0.010231534219563772 -0.00071337031886036688 0.0074639437243748325
0.002775020317819293 -0.0036155989739278878 0.020953439191372089
-0.0090599455708404945 -0.0031819675239107216 0.010588074351930255
0.00019447949553983416 0.0039350590447257763 0.0054963449020594456
0.0097833758564647485 0.0042012596788888537 0.0077326224033474758
0.0089202466332118421 0.0080919472534745143 -0.017839821932605561
0.010158106397328644 -0.013876140613682149 -0.0074087444468025265
-3.1106330942826301e-05 -0.0029764878956824313 0.00099797016356014605
0.0017765633895551662 -0.00025385829354519117 0.010933820190263142
0.010713978756529142 0.00044466843624253527 0.0061383318495035
-0.0011615178991987178 0.001070366880758337 -0.00099799748743076917
0.00024538817027037525 -0.0022376201209086126 0.020486955045819516
-0.0073164284074210151 -0.002205740228589687 -0.00067976729915861873
-0.010726897983084975 0.0037185383324641881 0.013132365146275464
-0.0037581085103848017 0.00045590657417398734 -0.0060275545993839141
-0.0072079091499119164 0.0045270686670734542 -0.005004735931322459
0.019924425236897539 -0.011273667285941581 -0.025532967263825528
-0.0054452003238030112 -0.0039414691882904487 0.017905566538980421
-0.0032359271244773117 -0.010619609883594068 0.013696687519391008
0.0015810818655481471 0.014223601067925425 0.015903781069749004
0.0011509296965487982 0.013655022984783403 -0.0098584548915483898
-0.0034675718744637766 0.0046017454565277713 0.0087095342331387649
-0.012424241393411578 0.0041012201799552686 -0.0054721209083549429
-0.0071124755956346059 -0.0020048981926946781 0.0079454207107066653
0.013454253478727899 0.015383934271784104 0.014357957000563804
-0.0084837076560494041 0.0072752738001974973 0.0094248038166762464
-0.00018697161660306984 -0.0099908144552481315 -0.0012459725012556107
0.024143062467962884 0.011998864967272659 0.0036652768962373784
0.01619700091723697 -0.013143483486564453 0.0029916776917095008
-0.007757873415658925 0.00020013732438055976 0.0078962323249695196
-8.167034329034115e-05 0.0012963976825705738 0.027335583534006912
0.0016109799461878854 -0.0015729598520248154 0.014724714846866209
-0.0023579296606253426 -0.0050173500388151441 -0.010448382513291284
0.0064865399820040592 0.01432735147376208 0.015612376870809526
-0.00099384062576357026 -0.014237460002388532 0.018327065143489855
0.0028300601320229695 -0.0016776430593539175 -0.0031435636747914951
0.006679180271702707 0.007545932531419372 0.0043936809962155038
-0.014643713686014333 0.013029834138261413 0.0049513690219813175
-0.008785625941878596 -0.0041301941410050239 0.011157836931173025
0.017457608075205005 0.0094519295707826065 0.0026578374493975228
-0.0009733827162757366 -0.0127890639533619 0.0020501138751311755
-0.0094996981375140305 0.014470894160644572 -0.0057884125375979754
0.009679092608412659 -0.010328912902029794 -0.0077979681009766452
-0.0047631783071993995 0.0043346413715691992 0.0028592558340618077
0.0026445584038765051 -0.0051891384008223643 -0.002620548806673131
-0.0015571684409042429 0.0038602360210826313 0.0060004169905094685
0.011349135969963882 -0.0025051536934329118 0.0001974500269637461
0.013159763762075989 0.007952081932985626 0.0036723281122772841
-0.0161960038279121 -0.0055347335344711965 0.014600465917475144
-0.0041100460125040109 -0.0071666317300466617 -0.0063776528180552799
-0.0049250144334345314 0.0062155948486802906 0.00030679515602834916
0.0090745008968219337 0.0024690426322192742 -0.0059350182583558604
0.012639649100012499 0.016898536094124277 -0.0051140988476395524
0.001975253629633909 -0.018062837546935856 -0.018497152337964708
0.0056177868182779155 -0.0050390248367118626 0.0044285007600687537
0.0078923175118386212 0.0035878061000904518 0.0027134037625228054
-0.023589541468116954 0.0056509370641997375 0.0083669055181009346
-0.0081503813642830342 0.00017178290820060168 -0.01143826781902766
-0.0041909026657938348 -0.0075003841129671969 -0.0081551817823502584
-0.0043976459319577475 0.011218046469445686 0.00071431861841601189
-0.0016361868159540398 -0.00013700301089910504 -0.010812581225431141
0.0044170411329738767 -0.01111567717658403 -0.0048070034325660765
0.0082413155928033593 0.0046155926750966261 0.00212799909942215
-0.013347553298982783 0.0067917135083323601 0.00073377276931531744
-0.013733960103276226 0.017190774414593345 0.011740655822321019
-0.00016470550133764768 -0.0042018639026208185 -0.012653472147471773
0.0076176168177093367 -0.0026419443844000611 -0.0081748447519696468
0.0025094337953698222 0.019315545012523049 0.0084090956866648622
0.0010629632145748703 0.0039984193558687472 -0.0022802166004973197
