-0.018445694567956694 -0.0021044380374691039 -0.006687302932324341
-0.0093073074644225567 0.0002590958390043567 0.013324601579003942
-0.022149936010573801 -0.0083304280143352352 -0.0060677342026946484
-0.015344892677915105 -0.0098720865067032457 -0.01500772634397163
0.0012347555026997734 -0.0031663094396424045 -0.0047554159752520092
-0.0075522568524550469 0.010724092208230021 0.0029867107691413748
0.0035220131208719796 -0.014151881931343153 -0.00075380962074962036
-0.010720572444633918 -0.012384061439369994 -0.013491587517194986
0.0086230732937099524 -0.016267623379295746 -0.025946148379998393
0.00089059362641272114 -0.01183815936066486 0.012376292072477086
-0.0048683787161587699 -0.020029849203583291 -0.013209351625209401
-0.022990941164769081 -0.018541173821444854 -0.00021359900918746424
-0.0081333977228234509 -0.0026286970922237778 0.012754632113839126
-0.012597790891816877 0.0029054628957579033 -0.017790883386769936
-0.012884897762548366 -0.012211645544032305 0.030452681273201311
0.0017171425516924227 -0.0027480959369097671 -0.013009447616094403
0.0071753763924803744 -0.00048989350163597715 0.0045242751176391245
-0.0071042424052624982 -0.0027192413247366059 -0.0087250713092652428
-0.016020143997098165 0.0091243544189923038 -0.0044493113193301024
0.0074804035677606753 0.0032611968024820726 -0.018255427810798419
-0.0067583900893490754 -0.012434552329175008 -0.0013913070440747981
-0.0042262767335095415 0.010084431902637341 -0.01019413186085886
-0.005116765523748173 0.0028643240389572559 -0.0018061798612608116
-0.0087185954863268599 0.019705018322252882 0.011900274121303898
-0.0036893220437977585 -0.0032839861200579692 -0.013206675766907131
-0.024008526065966606 -0.0034269210005658433 -0.0062522843735258174
0.012532811722081327 -0.015350221264389546 0.011507883908973494
-0.0023893001000659798 0.002878941044517518 -0.011330411309638194
0.0063649896919025757 -0.020950378059027944 0.0094661794396082664
-0.011949540515782814 0.0021110036556785086 0.0060225283104533142
-0.0073859842205794288 0.0062843034813219612 0.00048006321144860708
-0.030200220664945533 -0.024209583381436237 0.017337072199957691
0.014200946392668244 0.01477018322242467 -0.010359697667254015
0.0092051335264650216 -0.0040287109937450459 -0.010654429656418187
-0.011645538329957029 -0.015570483967030584 -0.013709058531927153
0.013255234808775612 0.022714806977108221 -0.0065869334128852283
0.024340612997624817 0.015082845096168231 -0.021411204201558884
-0.010456382402293967 0.005690232846998421 0.0059751168979388083
0.016087801109911603 0.0019083281438535898 -0.011775776116636275
0.012805755066985443 -0.0050843214551382666 -0.029038754505961724
0.0009914847788702213 -0.001851761925021216 0.010538923670122798
-0.022468677856954267 -0.028368963547744937 0.0026901674452409316
-4.7827143795503074e-05 0.0047031587962641057 -0.0047131585836605013
0.0046423477902519912 -0.0096082276754825592 -0.00034245407100097925
-0.023180162747300313 -0.0074651525526830166 -0.011087346844420951
-0.001660180439051613 0.0022178973678774372 0.014616257523989975
-0.036035970151748135 -0.017160518992947574 0.00038355147399602146
0.020865833001653337 0.024095192346002527 -0.027886072529643032
-0.0084579477643041932 0.023938247688022603 -0.013541816563886805
-0.046858891746585335 0.017925832327564614 -0.018331598131883793
-0.0021004145550477748 0.0078756237966969116 0.0049082601715367954
0.027493346986758673 0.012292317347938793 0.0035970552009890458
-0.00026457594870362165 -0.017103365787641708 0.043343980370822169
0.0031310749802934659 0.01520551335816922 -0.00071951713177067882
-0.012793780873529979 0.008217925905824517 -0.0239699575899123
-0.0038183946481982153 0.0025526474412803238 -0.0013790766520981749
0.0020994012044335043 0.0035873261119082158 0.028284069440202678
-0.0021351987497065391 -0.015884429542558174 -0.0098785025772880238
0.01876446560207588 0.0073446383317987037 -0.0070524883165116814
0.0042149193180666183 -0.053595262345108974 -0.013660180927027095
-0.01469473050024412 0.011147874068853984 0.005767311453530195
0.0026720792776913469 -0.022191191703987517 0.0037714679774771484
-0.0058435605734291707 0.0083922385137741133 0.0069445401634472851
0.010345480986770201 -0.021863201868306682 -0.023129171684784771
-0.00056121711827097508 0.008905635200029717 0.022188937334735058
-0.0026872001184807394 -0.0085524036441756764 -0.0082252163885027912
0.016771279977353649 -0.003136724407468604 -0.0050587055602734155
0.0023115983879711641 -0.002619081402599551 0.001302368101081303
0.0050933939789470899 -0.0026555827037116823 -0.012183564026239957
-0.0037912368332662628 0.0082029834402678348 0.012301486402212963
0.014000407730835773 -0.0064164402969652552 0.035227960426369338
0.0022726748179530336 0.0046667854324650157 0.0033810463590772414
-0.0063643275053482688 -0.0075738488218395558 -0.011350573193630843
0.0092700179229609631 0.011420757683796433 0.016850462167542855
-0.0003278614429237749 0.0012109601531282595 -0.0016930993470745054
0.010540227485188524 0.015492940902626907 -0.0070101677286726538
0.0083231401754055388 0.014060248947290896 0.014062939416212726
0.00095707288578081881 -0.0049182987264931172 0.01043082138205517
-0.0010728846413310326 0.0025843254452546809 -0.0026221193422746114
0.0070160306971813547 0.0020741838179599609 0.026676457296542243
0.018066505198007423 0.0079639274160572936 0.027603383839340061
-0.010492966731557054 -0.011503641526507249 0.0096042742937617522
0.0018143337862748421 -0.01296174848139325 -0.0066359158956463904
0.00020505086344728489 0.0015312755369057531 -0.0066809265697680706
-0.0052803393669262075 0.0035303715655520948 -0.0019247711940989275
-0.0039506656094873199 0.0036394555254846916 -0.003008733141878525
0.0074043669981272058 0.0051645493278016444 0.0055536268361795361
-0.00098877016070443883 -0.0010531824853932069 -0.0023762299658653344
-0.0014515481078896482 0.00050915480249036566 0.00086478391382275427
0.0010610516287104287 -0.0077344090129983448 0.0039649825916938507
0.00065228418784374234 -0.0056059594430368318 -0.0051133736873465218
0.0090355499447297358 -0.0031440061014703234 -0.0063504544688288544
0.0039341296391705244 -0.004447695768374017 -0.0011240571096278276
-0.0025833425492545921 -0.006692959645191383 0.0012887196497554758
-0.0053484755102258487 0.0014230490880603557 0.0023339998990736747
0.0013154904095470641 0.0050091314570898746 0.0037341014501056646
-0.0016502836066736087 0.0012297322199272657 0.0034386495269898535
0.0012236258871223711 -0.00041964824676025552 -0.0012176976916412853
-0.0049278820176912484 0.0081966303209105758 -0.0020217428019759882
-0.00035280338589126946 -0.0089889667809154288 -0.0029119763623900092
-0.0021653947311241822 0.00043851401189044374 0.0026716434257536168
-0.00057761165255998078 0.0027638992243123766 0.002773731529654302
0.0060605868660877161 0.00084999807757104087 -0.00097939052191148355
0.0017299368306846479 0.0011109921379890977 0.0014329608773742072
0.0089894124539362207 -0.013146370789114729 -0.0051397845403030181
-0.0029746373895619062 0.0015188255481931089 -0.0013028421095410763
-0.0003288066382741666 0.0059944176309779523 -0.0021513492541261089
0.009004819685708881 -0.0083030139614821922 -0.0074563703166927193
-0.0032844677354341391 -0.010941686682920584 -0.0067209310894160114
0.0041088457999541054 0.00098676353320774801 0.0003694723231212815
-0.0089487152610265488 -0.0058438363629141135 -0.015001056348922107
0.00070792788030719597 -0.00081685439620746288 -0.0081897327548546128
5.0841297030265282e-05 0.009931254798738921 -0.0067136082586420663
-0.002210714916484034 -0.0040208682295628483 0.001836824165253201
-0.00093544890792662241 -0.0041109698010643979 -0.0022708409314158339
0.01510501867297567 0.01257320076719339 0.01107659799476186
-0.011157682543658752 0.00088754823208757533 0.0079196706486426346
-0.0015281716982099573 -0.0029138590823501449 -0.00564933269587634
0.020017292908144108 0.0079874513763690917 0.0045484926841814375
0.010343602135345246 0.0052095376865135797 -0.0037464313594397112
0.002175519920656246 -0.014454350799654112 -0.01171225753589482
0.013095937767374168 -0.012799900845203566 -0.0065310410025492616
0.0022655406057528198 -0.0021663789954795899 -0.005958319313444615
0.00016654726252505033 -0.00022639467217228757 0.010177139940869511
0.00040243859620399007 -0.00031599611099866813 -0.003825543387401536
-0.0072097770348907983 -0.0062690720268042139 -0.0055377423510979927
-0.0079848760112537324 -0.0047472039844467509 -0.0037520848548030536
-0.0047200205076482578 -0.0061020629930620103 -0.0017066785012634965
-0.0092008117445034551 -0.0092566111373078609 -0.0060960847721431366
0.0039071116590709319 -0.0022686863109231199 0.00091949909391431193
0.0017552217440147534 0.0050910690268805084 -0.00037348593765549666
0.0041290761251235207 -0.0095179628057943909 0.015574320765536038
-0.0055498263482226876 -0.0057373025061926482 0.0039939166034912519
-0.0090120999203449764 0.0045644671477450705 0.007407907945834148
0.0014754874186822487 -0.0037281252705336707 -0.0059129479523363331
-0.0069729159888206587 0.0007762379375065349 0.0031828875342744343
0.00029227744708127675 -0.0020510723227465991 0.0054731344899167219
-0.0067208819940530436 -0.0020744350633040889 -0.0057876990112051144
0.0014618469091920191 -0.016265463757338089 0.0048434545987648047
0.0021146774690123001 -0.0012339221534291096 -0.010261748596137028
-0.0034894997237344201 0.0065589764436126798 0.0045303161567343637
0.0017844926710274722 -0.00070576696748244087 0.00289841659046836
-0.0022278446946261744 -0.00051342475918756856 0.0013399956344721871
0.0095650528955950175 -0.011373386071146591 -0.0032354920420183605
0.011034947561983317 0.012783626092770277 0.004749745462595884
0.0045562771522729174 0.0015589685246846128 0.0007384135689010073
-0.0040330701721878392 0.0079373238727411394 -0.0021494185501741399
0.0002681344086576225 0.0044385430124532083 0.012456465746188085
0.0028020262387630428 0.0044418069963413215 -0.00010325471444421474
-0.011366397299357475 -0.0088634798901202853 0.0084037243555205952
0.0012307744664167269 -0.0080878926008100607 -4.5585229049476344e-05
0.00044660111318627988 -0.006509709160075438 0.0026557934317821968
0.0071769594966763226 -0.0026012696917402018 0.0011990876461505711
0.008463085267487137 -0.0030845755318798253 -0.00030012281136162274
0.0049754236978270354 0.0003156313370730809 0.0019464600175789662
-0.011199459146478982 0.011953554508329946 0.0052496061460075884
-0.0094822920997624117 -0.019220034605849933 0.0011650628427439607
0.0055583587219461246 -0.0077489157605590987 -0.011301928333261102
-0.0065496466853194124 -5.9555950776149131e-05 -0.0033994510652452349
-0.0073736372530135248 -0.0017694649208419217 -0.013791101651332684
-0.0049111842289034143 0.0037024009084471554 -0.0020994864801207754
-0.002733930305353812 0.0023095449696880284 -0.0012086521210659231
-0.0025252471086191957 -0.0012880482227637542 0.0031082656398245916
-0.0077193046524081533 -0.00097081500355426147 0.0017909680778361902
0.011170953308774663 0.0022338751099368549 0.0032957678697319794
0.0039795967178880712 0.014881649811408028 -0.0036107491390126615
-0.004997579770411432 -0.012884009514757868 -0.00067594264119527191
-0.014454340197330749 0.00017467538332077473 0.00023255835972594229
0.0066963222386520541 0.00053173670157629445 0.0013487241597859656
0.0061056316357585893 0.012434399928836298 0.0041931622555992738
0.0060393964835536154 0.0027651312587314496 -0.00074207754035138761
-0.0049678853225135029 0.0029700032322343898 0.0012800919360358431
0.0032061356961026817 0.0030791168495555503 0.0021143191166457429
-0.0080679539119777287 0.010853974226493791 0.0053188429129536249
-0.0048460906396314944 0.00811409994369818 -0.0049996305179570511
0.0062981731321332243 0.0040913017804718246 0.010609517418859682
-0.017097922788187267 -0.0022977110792064201 0.0040794650491603286
-0.0036275196293219588 0.0059678166084471112 0.024691945226084519
-0.0044064758958077613 -0.0051429694635236126 0.0010477877350483784
0.0016729823488748734 -0.0016985068698301485 0.00029670966799812386
-0.0064116980200035712 0.0031052810099509629 -0.0076509680681646373
0.0061677264791303293 0.0038193048124267495 0.0036968547252709985
0.0044195741368917721 -0.00069018483837801311 -0.0036753899180724673
-0.0027065193275759322 0.029443912553235228 0.014536746721083632
0.0091266928029576887 0.0034147273364033993 -0.024314704010519939
-3.5649102913321911e-05 0.0053175633183900175 0.0037023939527826523
0.0030615994938531306 -0.0013582295217853828 0.0001688290198268742
0.001538069219570616 0.006116934077439103 0.01424244791782747
-0.0041484205997872952 0.00073961191274087587 0.0059108821331085503
-0.01010309448786491 0.012097642607639713 -0.013555332641038481
0.0033939108560768426 0.0052670136549163834 0.0030039802114498046
-0.00064943699534726043 0.0060109989626362138 0.0026661685699492232
-0.0017676305745818045 0.0046307828923967259 0.0021389711687401537
0.0017574005933044404 -0.0032447795956931781 -0.00087866967006647919
4.2461802186191814e-05 0.0015789409152215386 0.0029765972972897311
-0.0010529563922770063 0.0092002781716252115 0.016532693963807712
-0.004548620618853411 -0.0015309596304325151 0.0084438278995755418
0.00095052113331314163 -0.0035124429922631993 -0.0030420352807630007
0.006628371336709551 0.0032837869022242969 -0.0067036155554329518
0.001501029821038355 0.00030115151691379193 0.0031744517095581536
-0.011527103519157703 -0.0061427395715486751 -0.00052399816834690534
-0.0024088072169050601 0.0030215734001479652 -0.004261787544831472
0.0010736429748453157 -0.0018989705469153373 -0.00069546825125266372
0.0061575766584098524 0.0028148600360835981 0.0023139186045453334
-0.018332642649681784 0.0030845856944436011 0.021410491408649004
0.0069318508109206898 0.0058386129688902258 -0.0028118997814269454
0.00089528632171959803 -0.00078032964478063195 0.0051757071373722914
0.003411054293271321 0.001550963912485902 -0.0007062087688807922
0.0020845915596561185 -0.00085808355881881342 0.0014865991120143582
0.0055483734717217065 0.0026848937308084193 0.0074123002656789521
-0.0045754581890018386 -0.0017244223136071541 0.00081394343237840665
0.0088514458484634413 0.011549778824607535 0.0065912870600113313
-0.0032767913120361606 -0.0059769738442933401 0.00019640695763473322
0.0013496105224829569 -0.0075464502826390585 -0.0065901112734684181
-0.0029042922647881642 -0.0081870998976578749 0.0032171952084829908
0.008299489866368125 -0.0035702101956435919 0.0016416599186849451
0.00025261254625283874 -0.0026527049197699443 -0.00010150335983579851
-0.0025801324526957994 0.001878615671607853 0.00033641621470409302
-0.0015296907286656771 -0.0047677426492196851 -0.0017889025631383183
-0.0028630607922578229 -0.00029649301230262831 -0.0042629125475273279
0.0037587122758372727 0.0024211674795842132 0.0057937761355213785
0.00094730988552770088 -0.0030204449966820378 -0.0016383306962131187
0.0044871671346612815 0.0092532856078867409 0.0066221880220951731
-0.0096589992486278923 0.010529015799583413 -0.0067796493282221227
-0.011731377488692765 0.0030949729601087617 0.0043229677919319727
0.0028632743100382892 -0.00021931507288749813 0.0010652370766725552
0.008683965665978028 0.00047943955926638902 0.0055367607101406988
0.007585317283050755 -0.0086552534348556219 0.016929836825051767
0.0024080948489268099 -0.0073268562009345881 -0.0036450817390962535
0.0058267367803185918 0.00071685671415290476 -0.013995135533542659
-0.0013171046877286047 -0.0015757362272166809 -0.0060569079544333044
-0.006089419803469962 0.0016544776677173809 0.00096536138466047066
-0.0040505093145274612 -0.00022798700389391381 -0.0090725551900107271
0.0025096082783143798 0.0035069415017399109 0.0033688777998238705
0.0038266978744903352 0.00020683418033192626 -0.013552209079719614
0.00025445060126050696 0.00087472991797810649 0.01047109556830759
0.0033403028896389878 -9.4394355401256999e-05 -0.00054132068217891825
-0.002018129873107817 -0.00077562410128603732 -0.0037144490040563983
-0.0046283835341599184 0.0041427709476069777 -0.0019749398383428476
0.0027743304278442624 0.0056908569661321129 0.016196471876628621
0.0032043406767860937 0.006981725149837509 -0.0018240829090784968
-0.0032077922939109257 0.0082005668376964307 0.003917499433553494
-0.0013325484997236954 0.0073928865872968756 0.0065682159399858562
-0.011098017531941479 0.002171790649161856 -0.0019719024731284763
0.0076083881048488499 1.5960173447456965e-05 -0.012466542063246046
0.054713628537484418 -0.033378132458943915 -0.020213794439884372
-0.016647894060087539 0.02146069527271267 -0.0074932308661470751
-0.0071676041381786891 -0.0063613816584322889 -0.028418197189443897
0.0019945311655433754 -0.022603008325332217 -0.024396967094686917
0.006697935083129933 0.0062710467281949164 0.060268852129430284
-0.022885055027794053 0.021429735339747787 -0.043880874225213348
-0.023418217497844788 -0.021864261286441304 -0.029708502864613982
-0.0077683940448238951 -0.0095545116051207121 0.010835600142433772
0.029642887802286643 0.011382172189276087 -0.0038213386953474477
-0.01722164266006521 0.017087622071435885 0.019319424303767416
-0.0083134241839553959 -0.023697783079841519 0.0091672591103503735
0.045454904681639749 0.01914782978105295 -0.011680201460503132
0.000806839576271781 -0.019870730540108603 -0.0078510367798947812
0.0027405671581440067 0.0088267216246623419 -0.019438295273416045
-0.0032594950105267399 -0.0094198419494174214 0.016826395786228743
0.01393976926829182 -0.0080881097650394342 0.036080377882766787
0.035002882726758819 -0.018901496718272771 0.0039455268734196738
-0.028826349904989949 0.023119512149489926 -0.013457583276397201
0.022651117903898014 -0.025021646569194245 0.012135738766091709
0.0073998310158069252 -0.010740349723148922 -0.010109333991231305
0.0050805953843378908 -0.0097580031643588142 0.012506509066945056
-0.0058880425162386478 -0.00093570566935297745 0.017978943293508673
0.0048932144330480201 0.025479688754645322 0.035132995307111212
-0.042148263976822059 0.0083006969833397497 0.024693751773281064
-0.037834667577345847 -0.019084411203336097 0.0039917851820524186
-0.0083230607544391676 -0.041325378860237127 0.029801572567811289
-0.0024193686724935412 -0.0062677670998548297 -0.00046106703485019728
-0.0026011419032439457 0.0095258812718833595 -0.011173441831102604
-0.0069627891580256061 -0.015383474595732246 0.029891912650872415
-0.03113204437676927 -0.037854395579399916 0.021180054481203733
0.00052526841960136002 -0.031262938903817199 0.0079250626163027468
-0.018067681976230262 -0.0059709416085829969 -0.0060056319472239867
-0.0061204976087172553 0.011354187234699342 0.010701248477015783
-0.031196903955026431 0.0068588287851116779 0.011570597717026182
-0.026807997650480964 -0.0037416282700840037 0.0082931886152964301
0.0036592024765520312 0.013137779357056619 -0.0019839986220367015
-0.010634963111733927 0.0062755790765355486 0.0024929767725996857
0.062449051924695277 0.029790018718383857 -0.026105225267954051
0.011491883857852398 0.0079005245811199741 -0.032447012225721744
-0.01706818803341113 0.037748959189659523 -0.068561880382214113
0.0051457086904278084 -0.026306290402507461 -0.0025168665226354978
0.0037070932259735301 -7.7204477504154843e-05 0.025583092979492558
-0.11191614063260895 0.011255842948117278 0.032145523547499992
-0.043835180793279395 -0.01380176800534004 -0.025101959280548751
-0.024057654427634082 -0.007788006493687152 -0.02760504185418276
0.024813608586094958 -0.010718507317546207 -0.014194593258070914
0.037181311553478237 -0.0096310596433232063 -0.024368165057429218
-0.012401421628917234 -0.027795920350850198 0.033245367667467947
-0.016259876730110926 0.023836647790039966 0.050361606727199595
0.0086164708445700434 0.0090965805718714252 0.024819904968355851
-0.0012494289530685754 0.046739557366681478 0.0037058574700226518
-0.012232416080919703 0.01076140885665474 0.0092411345450081114
-0.0051076553895212243 -0.00065292210383675333 0.0086385285599887198
-0.010153445758490767 0.00027568195124509669 0.017950802508718094
0.013325417010501998 -0.029006727399022783 -0.0023513683624924115
-0.0084700613820435089 0.017853232166469876 0.012864197458302742
-0.0045090229154382119 -0.0011193680618796097 0.020373905453170332
-0.0082489786197370886 0.01359877615157962 -0.055853992050099797
0.011487924933218079 0.019412973626938838 0.02797039092735211
-0.0023651588499823575 0.0032694719829463701 0.00085515559731091147
0.011269558923893211 -0.0032554623946043251 -0.019965340824206756
0.023070911880829267 0.0066647438277477947 -0.0055806644267887709
-0.012852190375342177 0.043542245062194652 0.0014603752343096124
0.014754136549436452 -0.0033154904765810944 0.0027335420281284399
-0.0089769032751979734 0.0020214425937517826 -0.0040383281909441683
0.019588539366508177 0.008935056404774995 -0.015581884218388272
0.012969024297325406 0.0074008988854190709 0.005644770564120243
0.0028666211611810444 -0.010069285258940495 0.026155477670562005
-0.0024833858766262792 -0.001443379517810584 0.012516002340578284
-0.00089619340930150186 0.0016918506746780514 0.018368198130710306
0.020809361999389302 0.00045419597493625104 0.030699974853569872
0.0094365689153473702 -0.017077478081271587 0.010622356066436368
0.0030050904329458309 0.0084641388844564919 0.0014089932547595154
0.0057098146601061136 -0.0093743098187669023 0.012737651349313065
-0.00082344972567178815 0.0059482202491480084 0.0092435637488689753
-0.0013245233772708801 0.0094152643200370416 0.012609203150148988
-0.015290766582042538 0.0012526122045794336 0.017365494856815086
-0.0016044122442022096 -0.0071504276839295285 0.009269286262654634
-0.0065069923899413488 0.017036234407597214 0.019871121199243003
-0.015563835442736308 -0.008378030799024461 0.0050202296169346841
0.0022859563231220452 -0.0033533292994479716 0.025393334767592229
0.01191520302299651 0.015665000913978735 0.0012402437260541346
0.010156313498528653 -0.0048153095826508376 -0.0013407534644897636
0.021740494267889193 -0.0023022547061714057 -0.0040832538980820213
0.0008520390895120465 -0.0081620494846952642 0.011975572767864441
0.0013386681653590579 0.0036773026330138956 0.034703100513237509
-0.021738506851421108 0.016868673142318328 0.014208046638286736
-0.030732970957160984 0.014426973633217568 -0.013910587530594988
-0.0015024914871077824 0.0071538399810475821 -0.00024943623338524127
0.0024604250632599242 -0.0064736235955509848 -2.8430663196785988e-05
-0.014258800555646784 -0.061298562870553117 -0.0042979184620016422
0.042989958931213677 -0.0062026943255459634 0.020907924374589493
0.0059833308364159428 0.017738465625543699 -0.035707892859766659
0.0066619248650898301 -0.0094721408007672515 -0.023747625126177532
0.0060070523713874032 0.016623853544477669 0.017442337460096852
0.0085554728535570217 0.0079476247767106562 0.012918214616153985
0.0099806779281943932 -0.04340925737540903 -0.00044167683854110049
0.0025489058081057466 0.011875249991380569 0.013312521630882207
0.0062534142898624636 0.0057755597666564289 0.013349006858531047
-0.0096064758726543444 -0.014364676761084477 0.0067787222618401607
0.020427607556453811 0.015421130973451266 0.01925982292799408
0.0085859906418972835 -0.010813698917055099 0.0023828890614690365
0.090362931868638072 -0.036601810628408393 -0.027492475903974745
0.00010357048379399916 0.019396489758621942 0.0071944734773435387
0.024833477725515262 0.010003195261609765 0.0084111338998994738
-0.0040585476845604899 -0.034327193763888639 0.017295897878896405
0.013498112002851403 -0.023132107977856222 0.022018976626062028
-0.02375607971706082 0.065558007355587686 0.01626528757456781
-0.011687573128698354 -0.013042608330123235 0.0044118340711360024
-0.018267420417990485 0.023343314170044965 -0.0018562354402770704
-0.019212035299537456 -0.020092588448803145 0.024437196533337396
0.050102674234984892 -0.00039296903798770642 0.0078432104147161761
-0.0068274551687424355 0.028661883891066126 -0.035602450724808055
0.0049931785221972976 0.026799704662088451 -0.013100542340989786
-0.0055528779776077676 0.014782646476491145 0.034689507657960306
0.0034324297960338338 -0.020371528357600973 0.0031902031023888075
-0.0033781482547442817 0.025234038002562725 0.016577329142968195
0.0075564401015868797 0.042224653112215779 -0.013456761870050087
-0.0086473353905611346 -0.0050713379168059215 -0.028625265324633942
-0.013927426211510854 0.0072369906178497249 -0.013650085234167499
0.016570555140520599 0.0031126811397247209 -0.016541573037727741
0.023025398384489425 -0.0045901814022454978 0.00086715286644631264
0.024805876602613321 0.0042572625233295198 -0.00052845533839807144
-0.023282807712669867 3.7024004041316262e-05 -0.001854595984485106
-0.033975745428284201 0.013511676090737373 -0.018610259055268759
-0.0032859047064439473 0.0096852068960326769 -0.011014315707338665
-0.018527169427099147 0.008323507935306184 0.0054882122486155501
-0.0010961917709341076 0.015304022595269844 0.012992230257093944
0.020417844722312065 -0.03321315437100851 0.0091188837534783695
-0.018504161529254343 -0.002713869272436917 -0.0010459611266962357
-0.010676323033923619 -0.019109068471271046 -3.8080233868237521e-05
-0.0058072321224623578 -0.013897874034305018 -0.030809581053275428
-0.0031579337541452926 -0.014029278761072923 0.0019137053369080647
-0.023846109233196428 0.020720541900257055 0.0062930778925787889
0.011361468889238353 0.010494085596555926 -0.013241873445505434
0.012796016877255069 0.0052523224737894662 0.038531864250373977
0.015628201579313047 0.023677980297135425 -0.021389580125110608
-0.0092024446708699088 0.026679750065704676 -0.0014703352547299217
0.0097970454684509177 -0.018237108065341835 -0.013421813140485296
0.0073021330495328463 7.3175714758039474e-05 0.0015632637223677711
-0.014018612649062647 0.010695017600652567 -0.028751412861721962
0.0097963619778936757 -0.004377644288954128 -0.0044458428766265554
0.026266078221942806 0.0095082231145285599 0.020126150316724004
-0.010444503800768966 0.0038262949660569476 0.02574007997672384
0.0056197518266369656 -0.00090716177740670127 0.00054282623131299192
0.0080186541616069293 -0.0068275280145551932 -0.010221227143508095
-0.0035473432455665993 0.0078063911668306667 -0.0019020078649142772
2.3598722344680768e-05 -0.0057016047381901365 -0.032807467420639849
-0.04506988109959785 -0.024485349558789133 0.0050260985728870769
0.024409307110356226 0.025269746070767863 -0.0028192684019381223
-0.0097211741396464497 -0.0022523292495328947 0.021336094709965725
0.0085592776091933404 0.022398305428617076 -0.029571931895793491
-0.000146077674492383 -0.027248875356737829 -0.0018400456153193296
0.012774819504734563 -0.032819415824395667 0.014580795795319656
0.0080851835581464502 0.015276172834607204 -0.022143316850926898
0.024588541094609156 0.003305522726761084 -0.026527469720457095
0.0098158143678588779 0.0046057634107026617 0.017646067839069638
-0.0064439500383042308 -0.015304402281877686 0.0073883087706185504
-4.021516251002547e-05 -0.0026071969063069969 -0.022386761932174939
0.0084405864553828251 -0.00093933894979622882 -0.010303927767387937
-0.00065106638343627747 0.0069807381549414661 -0.0015138479636635236
0.0014853204353659608 0.0036270823713082209 -0.012411795845498912
-0.020544197476490975 -0.0074025262884455274 -0.011214651739876335
-0.020002643869599993 -0.0027484179598580602 0.016658461366287874
0.015505770343898575 -0.0067850087480003686 -0.054301086031756804
0.023016787376436639 -0.0097698892782888576 -0.0019501802241114622
0.013707049111558938 -0.013736313099633971 -0.0018324038732804313
0.0042439295136788542 -0.0028800331487602751 -0.0048421806735536874
0.014615951570469601 -0.0026177310891876654 -0.01017668740337513
-0.011112761986337389 0.0028451658060873017 0.01245029353010132
0.036972046206537691 0.0054631466899274748 -0.02631020650305857
-0.0016587239447693916 0.050060648089453028 -0.014080945218244567
-0.013265829900271479 0.0063156573617910543 -0.0052360767155783883
0.0097273361869179183 -0.010127356951628603 -0.013362818429958437
0.014124509441838098 0.010682208067871884 -0.0055718877980384177
0.012927663790256488 0.00068650860693308979 0.005942527835842564
0.019534841599882984 0.011069474809596965 0.00476245850434348
-0.0044831373738849932 -0.0062763984587899217 -0.011852051108653101
-0.017567915454498057 0.0063765979844492525 -0.022482133535143389
-0.014569102096193456 -0.0044327329999576497 -0.017205790982920952
-0.023595459596296931 -0.026162273336272791 -0.026874977120710141
-0.018325976966555416 -0.015525447590225994 0.0042442096513138142
-0.0069133736071682319 0.016065538256960842 -0.0095599817277652894
0.0087578699333832506 0.0053917934026514458 -0.0052791945266256407
-0.0030782175966190708 0.025319937788992841 0.003507124953508022
-0.0066964030232786907 0.0053698586070770431 -0.007667197387760589
-0.012396974830648572 -0.0019377691826870551 -0.031006935431650805
-0.0052588114599469125 0.031133139943076257 -0.0077305900871160052
-0.0062184438137164342 -0.02752678436316381 -0.0045208105422886108
0.016438963712926562 -0.017580729275761469 -0.017599842172404345
0.028618368854266173 0.0012111563313959644 -0.0243841626374212
0.012365233306181635 0.0029279233179442085 -0.027773426908168364
-0.0027563759419528158 0.016806168303734863 0.016722036978540286
0.015574174141787075 0.0087913311317590406 -0.026843441186248235
0.0026350678875925152 -0.0068530666432121447 0.031380290568250049
0.013667866403050889 0.0042682410944267501 0.0049923331834479381
0.028089788564649328 -0.011055648219102567 -0.022480651314313808
-0.0091760605874576691 0.0047789573537431289 0.011554405997248938
-0.0098453106027243283 -0.014636832922306397 -0.0012132428398739245
0.004951802522571558 -0.00029090342985487052 0.00059944750506245228
0.0224663362631967 -0.0012196610703787897 0.011935303632097187
0.020811179450385252 -0.021009039286629689 0.0077938106010913251
0.0021732498410680962 0.0017083227126545692 0.01206003807971903
