-0.0064181743277916276 -0.038653030063545368 -0.0008156832321975176
-0.0019709410301687086 -0.015624150357558287 0.0034991960435403692
0.0012558305934423886 0.0055688782857123151 0.0042301264420597125
0.0065061352363275501 0.0098865650745584548 -0.003328443834168342
0.014372289570289635 0.0026376778926356838 -0.00026304941535348171
-0.015924017004755271 -0.0035399495650088545 -0.0051906609696148838
0.010420260752694126 -0.0024326874015899464 0.0070055566482324083
0.0085757227836857283 -0.0033441160206832167 -0.011081314743768762
0.012956936641465612 -0.0088122477763121054 0.0013727900448929739
0.0050012560187732901 0.014727567692877967 -0.0087746614096578003
-0.001222420671674904 0.0039728566194811975 -0.00021082614245892004
0.0021189558775942734 -0.014539741941584267 -0.018848526036094226
0.0084281241298944602 -0.01675195101106771 0.0069217216439451026
0.02321238169311178 0.0051497258149713118 -0.015540957552895078
-0.00021393069846846184 -0.009588583834722629 -0.0096195368914387368
-0.012329072058352417 0.011594445689207641 -0.0075688183425458968
0.010715099104119091 -0.0005253825630113871 -0.016883748186786417
0.0020167764236230924 -0.010289652617614558 -0.027092945719148116
-0.021386510492567807 -4.5950457308761664e-06 0.0093372089181158035
-0.0072726315433315611 -0.011481110016303864 -0.010678946790476266
0.00062903423274783565 0.0043036552829981822 -0.015229563833194862
0.020256010099223822 -0.00075388582101385687 -0.0038250861739605175
0.0063904433381469011 -0.011578825954928595 0.005541948331343088
-0.006106413710775708 0.0025229104509480443 -0.0076372246977357136
-0.0015130723304571804 -0.013193576964648387 -0.010192351183169149
-0.017084119691573054 -0.0046511776870651247 0.024434436941585994
0.0054681306471612012 -0.018191910676400042 0.016956618314332685
-0.0012375605842546023 -0.00020989599862219178 -0.0042034460885509344
0.017713121968383823 0.010218317583817662 -0.0062207735681884795
-0.0075217235740867115 0.0061996819562049974 -0.010413651835601792
-0.025430529075373666 0.0079568787480431401 -0.005403514673112746
-0.0044849633504675931 0.0035461340918291253 -0.021547060097386883
-0.017824813108600939 -0.016052352465584382 0.014748992561700425
0.019714094211593813 0.0068520359981976307 0.022430509273965133
0.011831488787276419 -0.0084607961745565407 0.011368491475207382
-0.0015893335203600873 0.00047286217894909437 -0.015445075950836126
-0.017073479139503987 -0.0096503620041914207 0.025552803285627194
0.015715924324179145 -0.0047517095917817961 -0.0023924735921801716
-0.0036200891027772845 0.016589652231310561 0.004912414810378754
0.014510356585723718 -0.011740296574117048 0.0027882154715811011
0.0032469293886599536 0.0035300949973665471 -0.007135818751296593
0.0089570716760609612 0.0089369233946447729 0.0021683734802961032
-0.035191408993134471 -0.0059528621775499155 0.01450256336658802
-0.0065113549113669277 0.015234679388407463 -0.0030463293367745318
0.0052187443464528265 0.01365851798288646 -0.0057096586089543802
-0.023714659535660619 -0.0073898486926236035 -0.0039738189834472729
-0.0029297631844127322 -0.0058681583748693249 -0.020347357443207242
0.0040289551359463356 0.018596132563395925 0.001463720793976411
0.008091216909253976 -0.0090419979627389471 -0.023629916522800044
-0.0056462704100386308 -0.010411805441779996 -0.00053731230618572041
0.039408710826569736 0.00077312237354122204 -0.024549175174259277
-0.013034466730685403 0.012267691049052214 0.0085428541549235591
0.0035767360661649416 -0.0010209826080007176 0.0073021835005068064
0.0016732331703201819 -0.010540114455673032 -0.01153018426903818
0.0027187249178827985 -0.0075097192360401317 0.0040511346729981759
0.0013796191808497411 0.0027859226759298144 0.008894447494269167
-0.0045212005218810006 0.003661385135808516 -0.0028011141842829083
-0.021072609742573363 -0.020995335659439708 0.010283804998683895
-0.017444087384860106 0.013182514699392406 -0.002476336996277063
0.0017318235889281317 0.0016888099925159838 0.025212505976831751
0.0073463578549896524 0.018472769928861963 0.014050835849696706
-0.0058428017345147536 0.0034236688213968251 -0.003693599155556782
-0.0011361631273775301 0.0099840941318879457 0.0091162494052908563
0.0065612308342032572 0.00096176465164555906 -0.00020821695393827933
-0.017734538124411996 0.0037806102517616395 -0.011316868235309526
0.004416422168866437 0.0006627469811727963 -0.0058648371972314607
-0.00020552014818391091 0.0048080640807184041 -0.023820893378828964
0.003344566815322816 -0.016263481902000561 0.015789739568624499
0.015239718298647724 -0.0046036931200418973 0.0063836147847767411
0.010886073057653949 -0.0011314192354642252 0.0090634310046061144
-0.0014461792676369173 0.021763451608403112 -0.013825866623292103
-0.0042763139533888586 0.0065864344053560104 0.003433191298067947
0.0069373405824331704 -0.017363883535598399 -0.026540168084829903
0.0073033132687646898 0.0018787336934544437 -0.012937319086783985
0.0073284587426661737 -0.0052465982449810839 0.028302839007423961
-0.00063647477632206083 0.0083257867148853314 0.0055404472492504818
0.00053715129332265331 0.0043553327892530014 -0.0082864506406441045
-0.013140598447256116 -0.0024459118584687339 0.0078037346445522966
-0.023334629679269026 -0.031995923589211814 -0.0097642683029458589
-0.020514680663891081 -0.012233239951110612 -0.019918263805285726
0.0088537432369449904 -0.0049163689353165368 0.0037611416565308709
0.014744181017013545 0.0058975490386912102 0.012400162510888778
0.01046982046094784 -0.0015274865709425916 0.011154948437950226
0.0024872973057112661 0.0037381063707466449 -0.0045430937517527969
-0.0021117467357887562 0.0069192866051672975 -0.01223268764583306
0.0024718883570762624 -0.0059376258636567088 0.00080611046601341218
0.0020207392385242491 0.00060026837109083053 -0.0026003068637126419
0.001049312704441965 0.00030878636382454354 0.0038169907217953697
-0.00043883308694137008 0.00165766762229402 -0.012746275838784071
-0.00096252868655382121 -0.0072209381964415519 -0.012125682105245896
-0.010057207181616316 -0.0093930092941299677 -0.0048112317239580298
0.0033359217819641514 0.001573691264633941 -0.004977962397212975
-0.00020170106217830511 0.013213001955441967 -0.0066954598490127706
0.0055858679338445594 0.014466145961223753 0.0052543880456915482
-0.0014026986332784589 -0.0094814076599331661 0.00045722827860199977
-0.0021785266884713291 -0.0082993596349644674 -0.0046336162957448489
0.0041824622565443713 -1.6536236091235275e-05 -0.0018701155127253254
0.0093254547733925171 -0.0019984588189899209 0.014339439298510257
-0.0032360642139697524 0.00033660797436485925 -0.0042893012387884549
-0.00024495868733158372 0.019764961657856066 0.0076866675675002025
0.00012344111566745932 -0.0035685290534368838 -0.0007889419887207287
0.00068571634308757967 -0.009709613790960683 -0.0061444080719070988
0.0011225307814073046 -0.004077973498814523 0.0016356648291957353
0.00047050986812606266 -0.0031693673147652778 0.0059351353156741043
0.00051682218419010534 -0.0014982994538784225 -0.0080387598421736029
0.022075788409302705 -0.018210569444563941 0.0087270647192908609
-0.015483618675004359 0.0023578955918340857 -0.004528755919944262
0.003156988242373955 -0.0066851299979097892 -0.0035219377677419453
0.0077396591622886134 0.0028225493655865352 0.0019704542973841906
-0.0078450214766797102 0.0021952947507116473 0.0057161792815609933
-0.0041915904979186276 -0.0022388303678585022 0.0070081735361848009
0.013457409099310619 -0.0017123902316039886 0.0071533625586782555
-0.010782057877781382 -0.0019198383811522982 -0.0028483693193057011
-0.0023918136741722961 0.0013797679392372362 -0.0037564919850924593
-0.018526240165898766 0.014603842167300029 0.0071277668380426151
0.002781786588759657 0.002128373504251979 0.00036027279352706651
-0.0017441417458286762 0.00017281104121504885 -0.0094411668250921291
-0.0049418390545785664 0.0042167815308020093 -0.001867742268454934
0.01028649269890008 -0.005303315220991942 0.011079024246212415
0.0082299393613508472 -0.00063469861582203199 -0.003259813164670338
0.0026897941309131468 0.0057726455652494886 0.0067331986947683801
0.010165448746321637 -0.0016410450056074041 0.00039131099809566484
0.0011441573956832154 -0.0006783536376852653 -0.014145071977814743
-0.0061552417697281932 -0.0035025015131279315 0.00037672259410406267
0.0013278052326079666 -0.0033406720126636456 0.014691554667401668
0.0032462211674228938 -0.001098048705716519 0.0030848117333200881
-0.011959292505505571 0.0024238482731221344 -0.0025517868222336712
0.010910796895829428 0.0017964251583794874 -0.0086130589322883245
-0.0047923360785259552 0.0059809790772835103 -0.0053609581422135091
0.007662583059925572 0.0040133025326966488 -0.0027689619100377343
0.0072838532804856745 -0.0061285643210774168 -0.010855657703564787
0.001721069592627453 0.0046516309988407379 0.0074268138893623572
-0.0049982017728333276 -0.00093579990792394541 -0.0059621114300174027
0.0034910412730515786 0.0068969206253766862 0.012730768944638902
-0.0047268729252130911 -0.0023383561591932703 -0.0028879244795093572
-0.0045179251440603417 -0.0019871811478804017 0.0062230349117457931
0.0049685729035843984 0.0019672250031561207 0.0061358935115253654
-0.0052655425197162932 -0.010729928001813637 0.003167455127436148
0.0040498589210863911 0.0063870843681008253 0.0017472213556624814
-0.0084844015582517217 -0.010293597481492677 0.012826784800883919
0.0032805969830974574 -0.00091236824495627335 0.0018289698276082391
0.0026523531487404515 -0.0072286225924286822 0.0051007860483639365
-0.0075891375993149173 0.0027389466528463888 0.0063017235450405686
0.0017183199826986137 -0.0043234718926167502 0.00090675982995335337
0.0021039785776778741 0.0090427632936187548 -0.0077175081094974065
0.0009567469726738879 -0.0029986365142944662 0.0010205413572532697
0.009137337868860557 0.0042154458889844268 0.0023525961004986443
0.0059210164915143451 -0.0065064959030198752 0.01073098462575937
-0.00099789407951165923 0.0018039196194020082 -0.0031991698204891987
-0.0012948162736060771 0.0069241256624489444 -0.0090611719949440332
-0.0052232188273520228 0.001634172150054116 0.0045172152980187058
0.012531412056079379 0.0014913835650590733 0.0020385208278128589
0.0031377887523404801 -0.0054524161441275145 -0.0024363818681442727
0.00039820874802521902 0.0064377242449112472 -0.014512727741716738
-0.0030346611051520283 -0.0060202460213175388 0.00055519662141713074
0.0010792225694325659 -0.0076588030205851001 -0.010296677399208609
-0.014115814372950099 -0.0087960914569964205 -0.0025162751811812624
0.0029829650839262585 -0.010463728657481413 -0.0029629981882356399
-0.0021060809605501565 -0.0072790673376398954 -0.0015740450691344326
-0.0035125444711319505 0.0014955447268670328 -0.0016213889498999609
-0.001158471004545114 0.00091451811599900642 0.002935329387796439
-0.0017044601285679073 0.0047763428648555702 -0.0072884592154713775
0.0069163844113023726 0.014222626254411031 -0.0021232038749250033
-0.0057813297370170611 0.010259996147323326 0.0093137819677341152
-0.0066735384354257308 -0.0059698843388397401 -0.0047291219247927192
-0.0050344715051619526 0.0028419677788277409 0.0040006919140048013
0.0015111116075738824 -0.0018799208969269305 -0.00083066618909863495
-0.0040900219688670908 -0.0024403873753340204 -0.00022706867261654712
0.01401586549277159 0.0061080097324191706 0.014981420684170776
0.0020388483447123639 -0.012013674032729597 -0.0038138484051544242
-0.0025293877316847502 0.0050362574320619614 0.0046599105462189032
-0.0062773547926098378 -0.0031388814238939621 0.0033076878307195319
-0.0035189109366260628 0.0050634302116638902 0.006591420669946022
-0.00089090158863670203 -0.0034335140382897706 -0.0018254579447630466
-0.0013073676696263418 0.0081774896988502724 -0.015370568932420092
0.00050073911234573454 0.0082361177363910899 -0.0050870649800625577
-0.00029602875840607838 0.00096247074833250013 -0.0022282401873992943
-0.019840805103595351 0.0087482361125335775 -0.019817876675694672
-0.0046357733320079759 0.00032121033046133836 -0.0058130659590453024
0.00421688544537859 -0.0018034083025926565 -0.0018795006020189851
-0.010496872847296904 0.0044484489944608347 -0.0039420164897598763
-0.0017488307809916668 -0.00040578467010707136 0.0093249887788860106
-0.00078512129316810259 0.007478769853441084 -0.0021394710276082932
-0.01105590757396565 0.00035205020111454257 -0.011038883661349063
0.012890167086153533 0.0057921912860918953 -0.0013325616694658936
0.0029213964324088736 -0.0054756412406848486 -0.013370048133436662
-0.0042153106595278012 -0.0076639964981822899 -0.0073330487988650011
-0.0021375436962608155 -0.001150388637691264 -0.0059021841211470902
-0.012292103203341287 0.003726986772175778 -0.010325016117021623
0.015756589704909046 -0.0049158916272742884 0.018790970747947323
0.0044480120528380051 0.0026719376247290295 -0.0063357734338328623
0.0048323451416020262 0.0059649019811426323 0.014553938406938808
-0.0096750423901594135 -0.01441256624855595 0.012210228416815509
0.0034705968413329255 -0.0024913922426793638 -0.0033587990052238183
0.0095849212340159053 0.019720235604205844 0.039406827109940978
-0.01310753685031016 -0.0043637996109337773 0.012444190445143583
0.012207443249825006 0.018282140537245192 -0.0058073842436694566
0.0015892126564222961 -0.0045185708356419553 -0.003277263378014073
0.0046655905844837564 -0.0021359480068303847 -0.00638249386299418
-0.0024957846275448993 0.004047373340645412 0.014812912295924161
0.0038574096294902512 -0.010172892013226909 -0.0019491674125080333
-0.0060769246552047134 0.013617599937062474 0.0035232133959742533
-0.0021981884744108355 0.0033444598036353351 -0.0091813090470270996
0.0023347259174663309 -9.3655857905331096e-05 0.010914543682671009
0.0010203114110985702 0.0044937890000065588 0.002194157715783913
-0.0022790346614050025 -0.0071093643928417929 0.0086076364468320541
0.0074254788479035383 -0.0080218680720206669 0.0076442263753537304
-0.010391648903121671 -0.010554591431215002 -0.0054950587634520079
-0.0047991896015759017 -0.0089034157738461604 -0.0015919902517427006
-0.0060190940404558765 -0.0015728739774935091 0.0014458432365998665
-0.00083595751436775045 0.0085845120131096981 -0.0028262542557475436
-0.0095692544055946335 0.0014432417257806071 0.010607908541782916
0.0068546428594489272 -0.0068523387259551739 0.00501677370335297
0.0069667496577754109 0.0028652315457545533 0.020324550959910127
-0.0033087301516080158 -0.0030394583245879243 0.0073657777927730109
-0.00035531385221364173 0.0058831776667069673 -0.00037102660353735859
-0.00010471599406772113 0.0032879031094199202 0.00018157624558281583
0.0036064396335336079 -0.0020434299497843734 -0.0023504277012856454
-0.0046621044736995798 -0.0059889263320324244 0.0082473410571531069
0.0030967167349172774 -0.0046200285032725373 0.0025709728250529018
-0.015212200470064836 0.0037173926001443877 -0.011114480440290342
0.012467961936968792 -0.0049714177127034419 0.0048787299165538745
0.0054888223094963209 -0.012552861369742166 0.013975072104343327
0.0045365931234570061 -0.0096017481981591334 0.0013569863551135344
-0.013992878563638043 0.0046896451044115012 0.0085432035592878566
-0.0028583850111093909 0.0086640639753136316 0.004098557573711685
-0.0069684311294810584 0.0014446346596389953 0.0014096869091360527
-0.0050058004614811757 0.0035960675325494981 -0.012873612935434955
0.0039819864255313227 -0.011216939655569974 0.0060796808445675397
-0.0058681415066572061 -0.0046759538211752077 0.0012170984017205832
-0.0011914368703188122 0.0030924744405558609 0.00066944459569450224
0.0024675273260730411 0.0022982605975194557 -0.031631144794778437
-0.0031245082164108478 0.0066918687110538982 -0.0096336850810285028
0.0035179115321338022 -0.0030594625365432311 -0.0087069134913514614
-0.00036947852390185946 0.0021472178786939803 0.01012813984849658
0.0097929768570262955 -0.0085185756916749625 0.002070281971755687
0.0043616261400082536 0.0097924503703490842 -0.00084425049297226951
0.0047449328584025724 0.0074061624870900306 0.003375218743463308
0.0094039658134679061 0.0063106553935922457 -0.0048050963338532498
-0.0031342180444720699 0.005482158896962395 0.010876276495138068
0.0053113975198090637 -0.011728716745194075 -0.0057034354717917686
0.0053517213949908085 0.0028093018519289052 -0.0062522728638719641
-0.0026571225172913214 0.0039511951206166063 0.011771986195716334
0.0024289174052385186 0.0096859411933858369 0.0095264034237048136
0.003562677785242475 0.0056556057800910119 -0.014096185109232669
0.0088607225447952034 0.013293877820097088 -0.017674649049249473
-0.016539138319941846 -0.0011526882020767883 -0.0017677027779033276
-0.026234112159143837 -0.00088863412600136311 -0.013810394093565971
-0.016560521981465411 -0.006810762813130743 0.0051660351292842138
-0.024266053690233557 0.026098689629863125 0.00061381429729022907
0.027074813968668739 0.011544647960866789 0.014571587239178251
0.0022799925966522912 -0.0029292207448846589 0.0051066571233120348
0.0076348273667794569 0.018196102557434618 -0.001122184613321114
0.0045379593402531454 0.019439284997208466 0.015816558973594488
0.01935068954021843 0.0026552836086218678 0.019097611069210367
0.010083734107485226 -0.0020799286029321625 0.0037915669297908451
-0.038789419416325695 -0.011439438809213961 0.015343870326652194
0.014279923578270882 0.0016942243482782667 -0.015288634018257245
-0.015687016148904904 0.013685106416619746 0.0094480344916972811
0.017225454246130346 -0.043837726283275466 0.00041440644390198757
0.0065116846666692365 0.0033838993532633683 0.027910178617937379
-0.038010149185772842 -0.0049942048711410503 0.0098918684421166955
0.018960353392003818 0.010900593237728589 0.0084554852119089127
-0.003863912477141435 0.013290534150235433 -0.00061297545041390895
-0.010517532984467337 -0.011503765697811877 0.0040986429744561785
0.00011054091867615983 -0.00076602678049342461 0.01496030430526446
0.024908604702972851 -0.023695424039048719 0.00070555303567792387
-0.00070957351192870648 0.036840856070923245 0.048614381534478564
0.03480961143347671 -0.029464529273944596 -0.00055246285371212506
0.0018068223549591721 -0.0023135539520729941 -0.0042762906923778862
0.034795170853942563 0.043405328980403488 -0.0040371302886224175
0.023107494670249737 0.035373810743046588 0.0074736157861670857
0.013841431832762957 -0.021564036525640904 0.028925595316836368
0.009879053229478657 0.020573588598838937 -0.002888946801491848
-0.013115910716421549 -0.0024543802309338215 -0.0014287196105634277
-0.009039680336464552 -0.014472280954241601 0.049914671960954782
0.0053952654663386159 0.001895509886155276 0.039671629655885048
-0.049930685366986784 -0.026105562956233268 0.035542975633102061
0.021027798970769819 -0.0014681341319641716 0.048804909484005794
0.0062352910963381974 0.030155109439488247 -0.027158900950219569
0.026013376539476642 0.041392150516049608 0.00077671738968936759
0.01265816379143251 -0.010783024989980513 -0.0052135987037630373
0.032312697089445938 0.072826810150761992 -0.050429924362598272
0.06681275406291419 -0.022831690837833936 -0.018180360819131096
0.0011326614833141902 -0.065472879256134486 0.0013512743788460795
0.021227028976947303 -0.053349751350433031 -0.027767813598212177
-0.028551099006992892 -0.0020159188172073827 0.0055865368678319604
5.0542536593859656e-05 0.0026555344756196905 -0.033649372949201922
0.00063119010111385124 0.0068402169730373882 0.0042816954087365119
-0.018123816540713128 -0.02932725062239323 0.0099807680507887908
0.01061587270179162 -0.0075061384559288059 6.6388291478019728e-05
0.018603463833879418 0.01633804722836435 -0.042744221073224113
0.0038808311107980191 -0.005113229501076141 0.035078043067624951
0.012102604983659941 -0.018259367044083336 0.0034160440968961478
-0.079299368883956514 -0.0064010137183979129 -0.021976042909550471
-0.0095140404082835091 -0.0019164688524410374 0.0036363871515066181
-0.021652048038947613 -0.018744704033912828 0.028444080398896204
-0.0051115512050326885 -0.016165794046696744 -0.043034418851704392
0.02621352806147674 -0.0028151250133798458 0.035627843433324501
-0.02359179717940196 -0.010675521623653225 0.026075647030560936
0.0018474520657611522 0.002993606061426712 -0.012263347909335275
0.0026485721787626241 0.016738041961531284 0.010723976041264814
0.0049343936793611798 -0.0041000600704615368 0.0023625842196384546
-0.011915257930029928 0.0064668907698002126 0.0017982267638734718
-0.022775360770840383 0.0051078654012388768 0.024394848024810616
-0.0022813284702449467 0.0024916015577518807 0.0060475077836307668
-0.0065838655150172844 -0.0013035908626618953 -0.00096048975642330054
-0.015565475449664606 -0.035673076785271485 -0.0054652420771053242
-0.0014049436194684759 -0.002756692911438945 -0.0053585051208250092
-0.017739468955649214 0.0013290317121742289 0.012282300452105981
-0.00031962691474987707 0.0014857822993410413 0.017226268003015015
-0.0086970923546785088 -0.023989989379568439 0.0029462926971556909
0.018801166021803199 -0.014394989555040831 0.0035577692970000592
0.0034663760878069837 -0.015131160399326537 0.013537236536457546
-0.015045241913883463 0.0018935133902278616 0.019361196629251988
-0.046160123565364579 0.031485554286193415 0.0058596652102042776
-0.0094393411679171233 0.0088934084496234255 -0.036054817377763289
-0.013624527560419382 -0.0054388984474384328 0.0073557782754211168
0.0028010165104196748 -0.045493420892662076 -0.0074046832765436305
0.0036662053132488505 -0.0078013026272674996 0.014175380784269408
0.00026159114086585596 -0.0096286521307556196 -0.020354217380293908
0.01199492472686782 -0.004757945589906486 0.026380299108916531
-0.0084468111144725758 -0.00041840882417876375 -0.010523594803537491
0.021061885769198076 -0.012612799241934891 0.0242153115618697
0.0020980284688621727 -0.002069199765327755 -0.0078359299998323542
-0.025528445272529739 0.0019144057469268842 -0.012319658110888095
0.020319481069358415 0.034798955343661231 0.040031388580294126
-0.0073590475896835534 0.0068847354037104413 0.036337032693275921
0.021040630396939229 0.032700465787441471 -0.018489937680679178
-0.033511723944082868 -0.019730022175741619 -0.016137302774421765
-0.028279654499485302 -0.00022040878381886754 0.0074188720492541146
0.0077723637785505504 -0.008444160361023299 -0.0025411786470738574
-0.033646059430984844 0.035584286682089031 -0.0039148018197472066
-0.00037980960214759805 -0.013858105855863627 0.026954094117104047
0.026353899387489586 0.051455162257750403 0.0045322783999329971
0.029886008311332764 -0.013303944627464844 0.00087270122576119135
0.024154120734815591 -0.0053528498449402929 -0.0012013098321835068
-0.020741005090520494 0.003135142317394075 0.021328492988919139
0.020230910303286699 -0.0095773154026310096 0.013928000292680542
0.001442892250690573 0.022518488524768576 0.0066265649192353351
-0.004292586258459471 0.0026075131696380992 -0.019415189610084656
-0.013298815315669683 0.016824660160271811 -0.011886724784503012
0.0063913057764997385 0.0096760646182957166 -0.0039168900479332087
-0.0031625463720799181 -0.003062524358658671 -0.0095026759845139377
0.012057618259485103 -0.02082488918032888 0.0060837242275870937
-0.0060222285385285188 0.016279051199455597 0.0038043067176300673
-0.038436675341911093 -0.0004045448197374877 -0.00014100092609065741
-0.0044139147749088963 0.011146906237849382 0.029369343472167957
0.02451180627384885 0.021608891806627197 -0.0095390300033456402
0.01609127093080872 0.0042586687431201541 -0.0012713028922869472
3.5220821237296729e-06 0.038805155131594465 -0.015596332091784328
0.021412576155161046 0.00024977916159746143 0.0062282257918914938
0.014260217977080492 0.0063192181543035974 0.0045615722733020822
-0.021284978357308706 -0.0093229665937129853 -0.0065250210892049826
-0.035509132472248524 -0.048599495505691939 0.0065039919279843081
-0.015426382151054874 0.0054717110258812856 -0.039922723763919039
-0.011489990501469323 -0.0014138069434752754 -0.034214759285292641
0.046759893539848836 -0.023629956669404501 0.0069621298903591589
-0.019547725176473983 0.015271697898563445 -0.011149809898834483
0.016159746951368563 0.0052494674761940068 -0.0044178977502216041
-0.0056649140066991691 0.0042116601619917159 -0.017841744227139494
0.033280613668916242 -0.023253986284200435 0.0121075818333908
0.013592005297865285 0.017632875847078771 0.017040066660590443
0.026727381651002184 -0.0071127376618499317 0.0037521283763100256
-0.016199809122603152 0.0069646335866383729 0.0077806874874449886
-0.0079300068339883609 0.016522155977127095 0.014754299235693706
-0.019715174433452713 0.0043871929921409491 -0.03066190123950386
0.008786014808742755 0.0039488293053385106 -0.018956900646564363
-0.021000507447819085 -0.019298731959025896 -0.014885663005872414
0.02027100140361392 -0.0048386767594959818 0.026818873609021764
0.0039085136761681785 -0.0011540857480819271 0.022779289616118324
0.012177918293562753 0.011572834973514507 0.033438351915211988
-0.0068026233630289765 -0.012986555902016682 0.0073238306985038103
0.017140474210143912 -0.0024178529452536027 -0.010937474750775035
-0.015457946831480711 0.0077597265059621296 -0.031972158384937895
0.011880640223836982 0.01169162082796142 0.038484059535152611
-0.0082891018250887474 -0.019141027671549359 0.0026567913946623713
-0.048885569343670228 0.047143956046601258 0.0021766997350354434
-0.016707065896347899 -0.0038528496979533412 -0.0023340097889302035
-0.032372487549401592 0.0078813171614276183 0.0084990650342003579
-0.023923524696516547 -0.004567300360818068 -0.0037049228435495
0.0074451949135116774 -0.0036313386142382293 -0.0442744629665325
-0.0037983342496885624 0.00071775839482403174 0.034728858756277535
0.002791053202874975 0.0002506173373134201 -0.01287590877137957
0.011887651365986941 -0.017415903172546699 0.016677160240517862
-0.015321580714497331 -0.0090545128823155564 0.013553382589531072
-0.0019659898344297146 0.005051624425651614 -0.0047976954405225952
0.002209237229841433 -0.0088069125902985202 -0.031028747368168248
0.050998355257608284 0.01934093071631925 0.049190771380190366
0.020982870038262318 0.019247654818923262 -0.018347253414850308
-0.0065598809500668287 0.0014382837749193989 -0.016943730939029351
0.0064447006874025691 0.012575408917714876 -0.0069751627790700446
-0.023166856766303735 -0.019912120230174139 0.0066949185394417562
-0.0042721226053583162 -0.009830573366936839 0.006253904264611497
0.0059587233020239804 0.013783636883041945 -0.049109376411060258
0.015647509343368178 -0.0076782939022521524 -0.0083124662193681323
-0.016534044779900267 -0.029043418866335709 -0.001978963026359699
0.010013599214216504 0.015126219024529914 -0.013088360034001829
5.3558577081800563e-05 -0.0057338406871414987 -0.047037299207067847
0.019498256161663501 -0.0039265348449653587 -0.017054728674997563
-0.0026470639054812233 -0.007793922698223087 -0.0066938278818640187
0.0082628396580519889 -0.021326962879682516 -0.007681777824234879
0.01908006655696904 -0.0011666492023394859 -0.018976252904278477
0.009858178305037428 -0.013238559832015372 0.003934860353662189
0.022223459073383973 0.00059037478404295844 0.0090849717932758034
-0.005646209708075293 -0.003080160089292459 -0.010822629886063612
0.011419720977989533 0.0074195399150268748 0.0011865751702954176
-0.041633949882941175 0.008984418602457812 -0.012589448218138295
-0.024782040805002369 0.00029301170640857847 -0.0035775965058288599
-0.027254660975657381 -0.0057880559221261969 -0.0003978170994297019
0.018823320117824636 -0.014834924268639917 -0.0080654516687628172
-0.00015941051773951033 -0.0070435767618795015 -0.0090962771295390668
0.013788597773333015 0.0012683003502077465 -0.031747916645081614
0.020433591579344636 0.040455204957583882 -0.0035589682268453225
0.0077190090397639775 0.046074199486257184 -0.0092390815416966837
-0.0028253203072777307 0.0012152099293239165 -0.012563935403060729
-0.005246622784215193 0.022586341737619638 0.0041598106375804016
0.026151964711213768 0.0066265170114763999 0.012693441103783558
-0.0081470104220358122 0.013982432508294005 -0.016526822428865426
-0.012414099261501894 -0.0066470272043044152 -0.039703313725658197
-0.014061775444393167 0.0017711506058489656 -0.0014043428889376828
-0.0085528418957817529 0.00043158929553904508 0.0026157973970170546
-0.0054619829432782175 -0.0086497483995108346 0.0035847762665745732
0.020498094911109623 0.00065403258662333728 -0.0076039912968107956
0.0054553100841600788 0.011761285249054966 0.0039186823280848368
-0.0073308400147903486 0.0010048280709936113 0.0019313695756015483
-0.0088634652791759957 -0.011285507092376796 -0.0027461251233452037
-0.002390393576430058 0.015049048516658696 -0.0021143268536640901
0.0062141216329309806 0.003800353246936795 -0.024017677672807665
-0.010091617461509043 0.0097810389645454198 0.023117815756457973
-0.0022278076073813731 0.0083179523461516785 -0.0074502772239510365
0.0324674445613687 0.0011057116086169213 -0.0079024355950328209
0.0025542498979531365 -0.017949327662152185 -0.0093878314693668016
-0.0048396487736048497 -0.017074508878059311 0.006240010467204786
-0.012292502259625311 -0.014063820000475161 0.0073860328117190746
-0.015993230373048974 0.0032145321711463237 0.0017847488126481533
